  0  393 220.00  0.00 800.00 156.00  0
  1  744 420.00  0.00 800.00  6.44  1
  2  695 390.00  0.00 800.00 21.50  0
  3  693 390.00  0.00 800.00 12.90  1
  4  783 440.00  0.00 800.00 12.90  1
  5  713 400.00  0.00 800.00 21.50  0
  6  676 380.00  0.00 800.00 17.20  0
  7  694 390.00  0.00 800.00 17.20  0
  8  694 380.00  0.00 800.00 21.50  0
  9  710 400.00  0.00 800.00 10.80  1
 10  801 450.00  0.00 800.00 12.90  1
 11  694 390.00  0.00 800.00 17.20  1
 12  658 370.00  0.00 800.00 17.20  1
 13  658 390.00  0.00 800.00 12.90  1
 14  658 360.00  0.00 800.00 21.50  0
 15  676 380.00  0.00 800.00 17.20  0
 16  676 370.00  0.00 800.00 12.90  1
 17  676 390.00  0.00 800.00 12.90  1
 18  676 400.00  0.00 800.00 12.90  1
 19  676 380.00  0.00 800.00 12.90  1
