trialNum matrixIndex leftValue leftTime rightValue rightTime choice
  0  558 320.00  0.00 800.00  0.43  1
  1  698 390.00  0.00 800.00 104.00  1
  2  881 490.00  0.00 800.00 520.00  0
  3  754 420.00  0.00 800.00 260.00  1
  4  701 390.00  0.00 800.00 520.00  0
  5  844 470.00  0.00 800.00 260.00  0
  6  736 410.00  0.00 800.00 260.00  0
  7  789 440.00  0.00 800.00 156.00  1
  8  754 420.00  0.00 800.00 260.00  0
  9  628 350.00  0.00 800.00 260.00  1
 10  772 430.00  0.00 800.00 260.00  1
 11  754 420.00  0.00 800.00 260.00  1
 12  736 410.00  0.00 800.00 260.00  1
 13  719 400.00  0.00 800.00 520.00  0
 14  718 400.00  0.00 800.00 260.00  1
 15  665 370.00  0.00 800.00 520.00  0
 16  718 380.00  0.00 800.00 520.00  0
 17  718 390.00  0.00 800.00 156.00  1
 18  718 400.00  0.00 800.00 520.00  0
 19  718 400.00  0.00 800.00 520.00  0
