  0 1390 780.00  0.00 800.00  3.00  1
  1  971 540.00  0.00 800.00 520.00  0
  2  754 420.00  0.00 800.00 260.00  1
  3  791 440.00  0.00 800.00 520.00  0
  4  611 340.00  0.00 800.00 520.00  0
  5  736 410.00  0.00 800.00 260.00  0
  6  735 410.00  0.00 800.00 156.00  0
  7    0  10.00  0.00 800.00  0.43  1
  8  733 410.00  0.00 800.00 52.00  1
  9  644 360.00  0.00 800.00 104.00  1
 10  627 350.00  0.00 800.00 156.00  1
 11  717 400.00  0.00 800.00 156.00  1
 12  862 480.00  0.00 800.00 260.00  1
 13    7  10.00  0.00 800.00  8.60  1
 14    6  10.00  0.00 800.00  6.44  1
 15  791 440.00  0.00 800.00 520.00  0
 16  502 280.00  0.00 800.00 260.00  1
 17  556 310.00  0.00 800.00 260.00  1
 18  916 510.00  0.00 800.00 260.00  1
 19  881 490.00  0.00 800.00 520.00  0
