trialNum matrixIndex leftValue leftTime rightValue rightTime choice
  0  719 400.00  0.00 800.00 520.00  0
  1  769 430.00  0.00 800.00 52.00  0
  2  714 400.00  0.00 800.00 26.00  0
  3  765 430.00  0.00 800.00 12.90  1
  4  766 430.00  0.00 800.00 17.20  0
  5  658 370.00  0.00 800.00 17.20  0
  6  765 430.00  0.00 800.00 12.90  1
  7  658 380.00  0.00 800.00 21.50  0
  8  658 380.00  0.00 800.00 12.90  1
  9  658 370.00  0.00 800.00 21.50  0
 10  658 390.00  0.00 800.00 12.90  1
 11  658 350.00  0.00 800.00 12.90  1
 12  658 390.00  0.00 800.00 21.50  0
 13  658 390.00  0.00 800.00 12.90  1
 14  658 350.00  0.00 800.00 12.90  1
 15  658 360.00  0.00 800.00 12.90  1
 16  658 350.00  0.00 800.00 12.90  1
 17  658 370.00  0.00 800.00 21.50  0
 18  658 380.00  0.00 800.00 21.50  0
 19  658 370.00  0.00 800.00 21.50  0
 20  765 430.00  0.00 800.00 12.90  1
 21  658 350.00  0.00 800.00 21.50  0
 22  658 380.00  0.00 800.00 21.50  0
 23  658 380.00  0.00 800.00 12.90  1
 24  658 350.00  0.00 800.00 21.50  0
 25  765 430.00  0.00 800.00 12.90  1
 26  658 360.00  0.00 800.00 12.90  1
 27  658 380.00  0.00 800.00 21.50  0
 28  658 390.00  0.00 800.00 21.50  0
 29  658 370.00  0.00 800.00 21.50  0
 30  658 380.00  0.00 800.00 12.90  1
 31  658 370.00  0.00 800.00 12.90  1
 32  658 360.00  0.00 800.00 21.50  0
 33  658 370.00  0.00 800.00 21.50  0
 34  658 370.00  0.00 800.00 21.50  0
 35  765 430.00  0.00 800.00 12.90  1
 36  658 370.00  0.00 800.00 21.50  0
 37  658 350.00  0.00 800.00 12.90  1
 38  658 390.00  0.00 800.00 12.90  1
 39  658 380.00  0.00 800.00 21.50  0
 40  658 390.00  0.00 800.00 12.90  1
 41  765 430.00  0.00 800.00 12.90  0
