trialNum matrixIndex leftValue leftTime rightValue rightTime choice
  0  991 560.00  0.00 800.00  0.71  1
  1  806 450.00  0.00 800.00 104.00  0
  2  694 390.00  0.00 800.00 17.20  1
  3  661 370.00  0.00 800.00 52.00  1
  4  608 340.00  0.00 800.00 104.00  0
  5  769 430.00  0.00 800.00 52.00  1
  6  626 350.00  0.00 800.00 104.00  1
  7  608 340.00  0.00 800.00 104.00  1
  8  752 420.00  0.00 800.00 104.00  0
  9  590 330.00  0.00 800.00 104.00  1
 10  734 410.00  0.00 800.00 104.00  1
 11  771 430.00  0.00 800.00 156.00  0
 12  734 390.00  0.00 800.00 52.00  1
 13  716 400.00  0.00 800.00 104.00  1
 14  753 420.00  0.00 800.00 156.00  0
 15  698 390.00  0.00 800.00 104.00  1
 16  735 410.00  0.00 800.00 156.00  0
 17  680 380.00  0.00 800.00 104.00  1
 18  735 420.00  0.00 800.00 104.00  0
 19  662 370.00  0.00 800.00 104.00  1
