  0  991 560.00  0.00 800.00  0.71  1
  1  663 370.00  0.00 800.00 156.00  0
  2  694 390.00  0.00 800.00 17.20  1
  3  679 380.00  0.00 800.00 52.00  1
  4  608 340.00  0.00 800.00 104.00  1
  5  698 390.00  0.00 800.00 104.00  1
  6  663 370.00  0.00 800.00 156.00  0
  7  698 380.00  0.00 800.00 156.00  0
  8  698 410.00  0.00 800.00 156.00  0
  9  698 370.00  0.00 800.00 156.00  0
 10  698 410.00  0.00 800.00 156.00  0
 11  698 410.00  0.00 800.00 156.00  0
 12  698 390.00  0.00 800.00 156.00  0
 13  698 390.00  0.00 800.00 156.00  0
 14  698 380.00  0.00 800.00 52.00  1
 15  698 410.00  0.00 800.00 52.00  1
 16  698 370.00  0.00 800.00 156.00  0
 17  698 400.00  0.00 800.00 156.00  0
 18  698 390.00  0.00 800.00 156.00  0
 19  698 410.00  0.00 800.00 52.00  1
