  0  324 190.00  0.00 800.00  0.43  1
  1  608 340.00  0.00 800.00 104.00  0
  2  656 370.00  0.00 800.00 10.80  1
  3  732 410.00  0.00 800.00 26.00  0
  4  783 440.00  0.00 800.00 12.90  0
  5  693 390.00  0.00 800.00 12.90  1
  6  694 390.00  0.00 800.00 17.20  0
  7  746 420.00  0.00 800.00 10.80  0
  8  693 390.00  0.00 800.00 12.90  1
  9  675 380.00  0.00 800.00 12.90  1
 10  728 410.00  0.00 800.00 10.80  0
 11  857 480.00  0.00 800.00 21.50  0
 12  746 420.00  0.00 800.00 10.80  1
 13  657 370.00  0.00 800.00 12.90  0
 14  493 280.00  0.00 800.00  8.60  0
 15 1420 790.00  0.00 800.00 260.00  0
 16 1420 780.00  0.00 800.00 156.00  0
 17 1421 790.00  0.00 800.00 520.00  0
 18 1421 780.00  0.00 800.00 260.00  0
 19  564 320.00  0.00 800.00  6.44  1
