trialNum matrixIndex leftValue leftTime rightValue rightTime choice
  0  141  80.00  0.00 800.00 156.00  1
  1  701 390.00  0.00 800.00 520.00  0
  2  698 390.00  0.00 800.00 104.00  0
  3  822 460.00  0.00 800.00 26.00  0
  4  695 390.00  0.00 800.00 21.50  1
  5  732 410.00  0.00 800.00 26.00  1
  6  589 330.00  0.00 800.00 52.00  1
  7  715 400.00  0.00 800.00 52.00  1
  8  716 400.00  0.00 800.00 104.00  0
  9  805 450.00  0.00 800.00 52.00  0
 10  823 460.00  0.00 800.00 52.00  0
 11  679 380.00  0.00 800.00 52.00  1
 12  823 480.00  0.00 800.00 104.00  0
 13  643 360.00  0.00 800.00 52.00  1
 14  805 450.00  0.00 800.00 52.00  1
 15  752 420.00  0.00 800.00 104.00  0
 16  931 520.00  0.00 800.00 52.00  0
 17  769 430.00  0.00 800.00 52.00  0
 18  805 450.00  0.00 800.00 52.00  0
 19  571 320.00  0.00 800.00 52.00  1
