  0  749 420.00  0.00 800.00 21.50  1
  1  791 440.00  0.00 800.00 520.00  0
  2  645 360.00  0.00 800.00 156.00  1
  3  754 420.00  0.00 800.00 260.00  0
  4  753 420.00  0.00 800.00 156.00  0
  5  788 440.00  0.00 800.00 104.00  0
  6  662 370.00  0.00 800.00 104.00  1
  7  663 370.00  0.00 800.00 156.00  0
  8  662 350.00  0.00 800.00 52.00  0
  9    0  10.00  0.00 800.00  0.43  0
 10    4  10.00  0.00 800.00  3.00  1
 11 1421 790.00  0.00 800.00 520.00  0
 12    0  10.00  0.00 800.00  0.43  0
 13  716 400.00  0.00 800.00 104.00  1
 14  716 410.00  0.00 800.00 156.00  1
 15  716 390.00  0.00 800.00 156.00  1
 16  716 380.00  0.00 800.00 156.00  0
 17  716 410.00  0.00 800.00 52.00  1
 18   12  10.00  0.00 800.00 26.00  1
 19  716 380.00  0.00 800.00 52.00  1
