  0  240 140.00  0.00 800.00  6.44  0
  1  758 430.00  0.00 800.00  1.00  0
  2  776 440.00  0.00 800.00  1.00  0
  3  669 380.00  0.00 800.00  2.00  0
  4  776 420.00  0.00 800.00  0.71  0
  5 1376 770.00  0.00 800.00 10.80  0
  6 1393 780.00  0.00 800.00  8.60  0
  7 1393 770.00  0.00 800.00 10.80  0
  8 1414 790.00  0.00 800.00 17.20  0
  9  777 440.00  0.00 800.00  2.00  0
 10  884 500.00  0.00 800.00  1.00  0
 11  866 490.00  0.00 800.00  1.00  0
 12  848 480.00  0.00 800.00  1.00  0
 13  830 470.00  0.00 800.00  1.00  0
 14  812 460.00  0.00 800.00  1.00  0
 15  812 460.00  0.00 800.00  2.00  0
 16  812 450.00  0.00 800.00  0.71  0
 17  830 470.00  0.00 800.00  1.00  0
 18  579 330.00  0.00 800.00  2.00  0
 19  812 460.00  0.00 800.00  1.00  0
