trialNum matrixIndex leftValue leftTime rightValue rightTime choice
  0  508 290.00  0.00 800.00  3.00  1
  1  753 420.00  0.00 800.00 156.00  0
  2  694 390.00  0.00 800.00 17.20  1
  3  679 380.00  0.00 800.00 52.00  1
  4  698 390.00  0.00 800.00 104.00  0
  5  769 430.00  0.00 800.00 52.00  1
  6  608 340.00  0.00 800.00 104.00  0
  7  751 420.00  0.00 800.00 52.00  1
  8  626 350.00  0.00 800.00 104.00  0
  9  626 370.00  0.00 800.00 156.00  0
 10  626 350.00  0.00 800.00 52.00  1
 11  751 420.00  0.00 800.00 52.00  1
 12  859 480.00  0.00 800.00 52.00  1
 13  626 350.00  0.00 800.00 104.00  1
 14  608 340.00  0.00 800.00 104.00  1
 15  590 330.00  0.00 800.00 104.00  1
 16  590 340.00  0.00 800.00 156.00  0
 17  590 340.00  0.00 800.00 156.00  0
 18  590 310.00  0.00 800.00 156.00  0
 19  590 340.00  0.00 800.00 52.00  1
