  0  508 290.00  0.00 800.00  3.00  0
  1  758 430.00  0.00 800.00  1.00  1
  2  615 350.00  0.00 800.00  2.00  1
  3  616 350.00  0.00 800.00  3.00  1
  4  732 410.00  0.00 800.00 26.00  1
  5    0  10.00  0.00 800.00  0.43  1
  6    0  20.00  0.00 800.00  0.71  1
  7  700 390.00  0.00 800.00 260.00  0
  8    0  10.00  0.00 800.00  0.71  1
  9  697 390.00  0.00 800.00 52.00  1
 10    0  20.00  0.00 800.00  0.71  1
 11  771 430.00  0.00 800.00 156.00  0
 12  643 360.00  0.00 800.00 52.00  1
 13  825 460.00  0.00 800.00 156.00  0
 14  698 390.00  0.00 800.00 104.00  1
 15    0  10.00  0.00 800.00  0.43  1
 16  735 410.00  0.00 800.00 156.00  0
 17  626 350.00  0.00 800.00 104.00  1
 18  806 450.00  0.00 800.00 104.00  1
 19  843 470.00  0.00 800.00 156.00  0
