trialNum matrixIndex leftValue leftTime rightValue rightTime choice
  0  653 370.00  0.00 800.00  4.30  1
  1  754 420.00  0.00 800.00 260.00  0
  2  822 460.00  0.00 800.00 26.00  1
  3  698 390.00  0.00 800.00 104.00  0
  4  769 430.00  0.00 800.00 52.00  1
  5  608 340.00  0.00 800.00 104.00  0
  6  751 420.00  0.00 800.00 52.00  0
  7  769 430.00  0.00 800.00 52.00  0
  8  625 350.00  0.00 800.00 52.00  1
  9  787 440.00  0.00 800.00 52.00  0
 10  625 340.00  0.00 800.00 104.00  0
 11  625 330.00  0.00 800.00 26.00  1
 12  643 360.00  0.00 800.00 52.00  1
 13  787 440.00  0.00 800.00 52.00  1
 14  769 430.00  0.00 800.00 52.00  1
 15  751 420.00  0.00 800.00 52.00  1
 16  733 410.00  0.00 800.00 52.00  1
 17  715 400.00  0.00 800.00 52.00  1
 18  733 430.00  0.00 800.00 104.00  0
 19  733 430.00  0.00 800.00 104.00  0
