  0  653 370.00  0.00 800.00  4.30  0
  1  687 390.00  0.00 800.00  2.00  1
  2  652 370.00  0.00 800.00  3.00  1
  3  617 350.00  0.00 800.00  4.30  1
  4  618 350.00  0.00 800.00  6.44  1
  5  625 350.00  0.00 800.00 52.00  1
  6    0  10.00  0.00 800.00  0.43  1
  7  700 390.00  0.00 800.00 260.00  0
  8    0  10.00  0.00 800.00  0.71  1
  9  715 400.00  0.00 800.00 52.00  1
 10  826 460.00  0.00 800.00 260.00  0
 11  716 400.00  0.00 800.00 104.00  0
 12    0  10.00  0.00 800.00  0.43  1
 13  661 370.00  0.00 800.00 52.00  1
 14  734 410.00  0.00 800.00 104.00  1
 15  771 430.00  0.00 800.00 156.00  0
 16  788 440.00  0.00 800.00 104.00  1
 17  789 440.00  0.00 800.00 156.00  0
 18    0  10.00  0.00 800.00  0.43  1
 19  644 360.00  0.00 800.00 104.00  1
