  0  521 290.00  0.00 800.00 520.00  1
  1 1043 580.00  0.00 800.00 520.00  0
  2  791 440.00  0.00 800.00 520.00  0
  3  683 380.00  0.00 800.00 520.00  0
  4  844 470.00  0.00 800.00 260.00  0
  5  897 500.00  0.00 800.00 156.00  0
  6  913 510.00  0.00 800.00 52.00  0
  7  747 420.00  0.00 800.00 12.90  0
  8  761 430.00  0.00 800.00  4.30  0
  9  814 460.00  0.00 800.00  3.00  0
 10 1420 790.00  0.00 800.00 260.00  0
 11  760 430.00  0.00 800.00  3.00  0
 12  777 440.00  0.00 800.00  2.00  0
 13  795 450.00  0.00 800.00  2.00  0
 14  813 460.00  0.00 800.00  2.00  0
 15  813 440.00  0.00 800.00  1.00  0
 16  831 470.00  0.00 800.00  2.00  0
 17  831 480.00  0.00 800.00  1.00  0
 18 1064 600.00  0.00 800.00  1.00  0
 19 1064 580.00  0.00 800.00  0.71  0
