trialNum matrixIndex leftValue leftTime rightValue rightTime choice
  0  616 350.00  0.00 800.00  3.00  1
  1  753 420.00  0.00 800.00 156.00  1
  2  971 540.00  0.00 800.00 520.00  0
  3  683 380.00  0.00 800.00 520.00  1
  4  881 490.00  0.00 800.00 520.00  1
  5  989 550.00  0.00 800.00 520.00  0
  6  863 480.00  0.00 800.00 520.00  1
  7  989 560.00  0.00 800.00 260.00  1
  8  989 530.00  0.00 800.00 260.00  1
  9  989 530.00  0.00 800.00 260.00  1
 10  971 540.00  0.00 800.00 520.00  0
 11  881 490.00  0.00 800.00 520.00  1
 12  971 550.00  0.00 800.00 260.00  1
 13  881 490.00  0.00 800.00 260.00  1
 14  971 560.00  0.00 800.00 260.00  1
 15  971 530.00  0.00 800.00 260.00  1
 16  971 530.00  0.00 800.00 260.00  1
 17  971 550.00  0.00 800.00 260.00  1
 18  971 560.00  0.00 800.00 260.00  1
 19  971 530.00  0.00 800.00 260.00  1
