  0  616 350.00  0.00 800.00  3.00  1
  1  645 360.00  0.00 800.00 156.00  1
  2  971 540.00  0.00 800.00 520.00  1
  3 1223 680.00  0.00 800.00 520.00  0
  4 1115 620.00  0.00 800.00 520.00  1
  5 1187 660.00  0.00 800.00 520.00  1
  6 1241 690.00  0.00 800.00 520.00  0
  7 1169 650.00  0.00 800.00 520.00  0
  8 1187 660.00  0.00 800.00 520.00  0
  9 1079 600.00  0.00 800.00 520.00  0
 10  845 470.00  0.00 800.00 520.00  1
 11  953 530.00  0.00 800.00 520.00  1
 12 1277 710.00  0.00 800.00 520.00  0
 13 1079 600.00  0.00 800.00 520.00  0
 14  935 520.00  0.00 800.00 520.00  1
 15  971 540.00  0.00 800.00 520.00  1
 16 1223 680.00  0.00 800.00 520.00  0
 17 1007 560.00  0.00 800.00 520.00  1
 18 1133 630.00  0.00 800.00 520.00  0
 19 1151 640.00  0.00 800.00 520.00  0
