  0  412 230.00  0.00 800.00 260.00  0
  1  745 420.00  0.00 800.00  8.60  1
  2  732 410.00  0.00 800.00 26.00  1
  3  769 430.00  0.00 800.00 52.00  1
  4  608 340.00  0.00 800.00 104.00  1
  5  716 400.00  0.00 800.00 104.00  1
  6  699 390.00  0.00 800.00 156.00  0
  7  698 390.00  0.00 800.00 104.00  1
  8  681 380.00  0.00 800.00 156.00  0
  9  680 380.00  0.00 800.00 104.00  1
 10  681 380.00  0.00 800.00 104.00  1
 11  681 360.00  0.00 800.00 104.00  1
 12  663 370.00  0.00 800.00 156.00  0
 13  663 370.00  0.00 800.00 260.00  0
 14  663 390.00  0.00 800.00 104.00  1
 15  663 360.00  0.00 800.00 104.00  1
 16  806 450.00  0.00 800.00 104.00  1
 17  681 380.00  0.00 800.00 156.00  0
 18  681 360.00  0.00 800.00 260.00  0
 19  681 390.00  0.00 800.00 104.00  1
