  0   74  50.00  0.00 800.00  1.00  1
  1  698 390.00  0.00 800.00 104.00  0
  2  656 370.00  0.00 800.00 10.80  1
  3  732 410.00  0.00 800.00 26.00  0
  4  694 390.00  0.00 800.00 17.20  0
  5  693 390.00  0.00 800.00 12.90  0
  6  727 410.00  0.00 800.00  8.60  1
  7  764 430.00  0.00 800.00 10.80  1
  8  693 390.00  0.00 800.00 12.90  1
  9  675 380.00  0.00 800.00 12.90  1
 10  730 410.00  0.00 800.00 17.20  1
 11  768 430.00  0.00 800.00 26.00  0
 12  749 420.00  0.00 800.00 21.50  0
 13  712 400.00  0.00 800.00 17.20  0
 14  730 410.00  0.00 800.00 17.20  0
 15  730 390.00  0.00 800.00 12.90  1
 16  730 410.00  0.00 800.00 12.90  1
 17  712 400.00  0.00 800.00 17.20  0
 18  730 400.00  0.00 800.00 21.50  0
 19  730 410.00  0.00 800.00 12.90  1
