  0  399 230.00  0.00 800.00  2.00  0
  1 1421 790.00  0.00 800.00 520.00  0
  2 1421 790.00  0.00 800.00 520.00  0
  3  947 530.00  0.00 800.00 21.50  1
  4    0  10.00  0.00 800.00  0.43  1
  5    0  20.00  0.00 800.00  0.71  1
  6    0  10.00  0.00 800.00  0.71  1
  7    0  20.00  0.00 800.00  0.71  1
  8  552 310.00  0.00 800.00 26.00  1
  9    0  30.00  0.00 800.00  0.71  1
 10  736 410.00  0.00 800.00 260.00  1
 11  737 410.00  0.00 800.00 520.00  0
 12    0  10.00  0.00 800.00  0.43  1
 13  664 370.00  0.00 800.00 260.00  0
 14    0  10.00  0.00 800.00  0.71  1
 15  698 390.00  0.00 800.00 104.00  1
 16  736 410.00  0.00 800.00 260.00  1
 17  737 410.00  0.00 800.00 520.00  0
 18  700 390.00  0.00 800.00 260.00  1
 19    1  10.00  0.00 800.00  0.71  1
