  0 1045 590.00  0.00 800.00  0.71  0
  1  597 340.00  0.00 800.00  2.00  1
  2  492 280.00  0.00 800.00  6.44  1
  3  643 360.00  0.00 800.00 52.00  0
  4  692 390.00  0.00 800.00 10.80  1
  5    0  10.00  0.00 800.00  0.43  1
  6 1168 650.00  0.00 800.00 260.00  0
  7  714 400.00  0.00 800.00 26.00  0
  8 1421 790.00  0.00 800.00 520.00  0
  9  693 390.00  0.00 800.00 12.90  0
 10  672 380.00  0.00 800.00  6.44  1
 11  801 450.00  0.00 800.00 12.90  0
 12  618 350.00  0.00 800.00  6.44  1
 13  801 450.00  0.00 800.00 10.80  1
 14  910 510.00  0.00 800.00 17.20  1
 15 1421 790.00  0.00 800.00 520.00  0
 16 1421 770.00  0.00 800.00 260.00  0
 17  875 490.00  0.00 800.00 21.50  0
 18  838 470.00  0.00 800.00 17.20  0
 19  513 290.00  0.00 800.00 12.90  1
