  0 1348 750.00  0.00 800.00 260.00  0
  1  751 420.00  0.00 800.00 52.00  0
  2  655 370.00  0.00 800.00  8.60  1
  3  695 390.00  0.00 800.00 21.50  1
  4  822 460.00  0.00 800.00 26.00  0
  5  732 410.00  0.00 800.00 26.00  0
  6  695 390.00  0.00 800.00 21.50  1
  7  732 390.00  0.00 800.00 52.00  0
  8  732 430.00  0.00 800.00 21.50  0
  9  766 430.00  0.00 800.00 17.20  0
 10  695 390.00  0.00 800.00 21.50  0
 11  711 400.00  0.00 800.00 12.90  1
 12  713 400.00  0.00 800.00 21.50  0
 13  729 410.00  0.00 800.00 12.90  0
 14  674 380.00  0.00 800.00 10.80  1
 15  657 370.00  0.00 800.00 12.90  1
 16  604 340.00  0.00 800.00 17.20  0
 17  566 320.00  0.00 800.00 10.80  1
 18  567 320.00  0.00 800.00 12.90  0
 19 1421 790.00  0.00 800.00 520.00  0
