  0  339 190.00  0.00 800.00 156.00  0
  1  744 420.00  0.00 800.00  6.44  1
  2  695 390.00  0.00 800.00 21.50  1
  3  822 460.00  0.00 800.00 26.00  1
  4  679 380.00  0.00 800.00 52.00  1
  5  572 320.00  0.00 800.00 104.00  1
  6  735 410.00  0.00 800.00 156.00  1
  7    5  10.00  0.00 800.00  4.30  1
  8  791 440.00  0.00 800.00 520.00  1
  9    6  10.00  0.00 800.00  6.44  1
 10    6  10.00  0.00 800.00  4.30  1
 11  827 460.00  0.00 800.00 520.00  1
 12  809 450.00  0.00 800.00 520.00  1
 13   10  10.00  0.00 800.00 17.20  1
 14  971 540.00  0.00 800.00 520.00  1
 15   10  10.00  0.00 800.00 21.50  1
 16 1025 570.00  0.00 800.00 520.00  1
 17   12  10.00  0.00 800.00 26.00  1
 18 1061 590.00  0.00 800.00 520.00  1
 19 1061 600.00  0.00 800.00 260.00  1
