trialNum matrixIndex leftValue leftTime rightValue rightTime choice
  0  732 410.00  0.00 800.00 26.00  1
  1  737 410.00  0.00 800.00 520.00  0
  2  663 370.00  0.00 800.00 156.00  1
  3  700 390.00  0.00 800.00 260.00  0
  4  771 430.00  0.00 800.00 156.00  0
  5  663 370.00  0.00 800.00 156.00  1
  6  789 440.00  0.00 800.00 156.00  0
  7  663 360.00  0.00 800.00 260.00  0
  8  663 380.00  0.00 800.00 260.00  0
  9  663 390.00  0.00 800.00 104.00  1
 10  663 350.00  0.00 800.00 104.00  1
 11  663 360.00  0.00 800.00 260.00  0
 12  663 350.00  0.00 800.00 104.00  1
 13  681 380.00  0.00 800.00 156.00  0
 14  663 370.00  0.00 800.00 260.00  0
 15  663 350.00  0.00 800.00 104.00  1
 16  663 360.00  0.00 800.00 104.00  1
 17  663 360.00  0.00 800.00 260.00  0
 18  663 350.00  0.00 800.00 260.00  0
 19  663 360.00  0.00 800.00 104.00  1
 20  663 370.00  0.00 800.00 260.00  0
 21  663 350.00  0.00 800.00 104.00  1
 22  663 360.00  0.00 800.00 104.00  1
 23  663 390.00  0.00 800.00 260.00  0
 24  663 390.00  0.00 800.00 260.00  0
 25  663 390.00  0.00 800.00 104.00  1
 26  663 370.00  0.00 800.00 260.00  0
 27  663 370.00  0.00 800.00 260.00  0
 28  663 370.00  0.00 800.00 260.00  0
 29  663 380.00  0.00 800.00 104.00  1
 30  663 380.00  0.00 800.00 104.00  1
 31  663 380.00  0.00 800.00 260.00  0
 32  663 370.00  0.00 800.00 260.00  0
 33  663 350.00  0.00 800.00 260.00  0
 34  663 380.00  0.00 800.00 260.00  0
 35  663 390.00  0.00 800.00 104.00  1
 36  663 380.00  0.00 800.00 104.00  1
 37  663 370.00  0.00 800.00 260.00  0
 38  663 350.00  0.00 800.00 260.00  0
 39  663 380.00  0.00 800.00 104.00  1
 40  663 360.00  0.00 800.00 260.00  0
 41  663 390.00  0.00 800.00 104.00  1
