  0 1326 740.00  0.00 800.00 26.00  0
  1  695 390.00  0.00 800.00 21.50  0
  2  707 400.00  0.00 800.00  4.30  1
  3  745 420.00  0.00 800.00  8.60  0
  4  744 420.00  0.00 800.00  6.44  1
  5  674 380.00  0.00 800.00 10.80  1
  6  656 370.00  0.00 800.00 10.80  1
  7  747 420.00  0.00 800.00 12.90  0
  8  729 410.00  0.00 800.00 12.90  0
  9  727 410.00  0.00 800.00  8.60  0
 10  745 420.00  0.00 800.00  8.60  0
 11  636 360.00  0.00 800.00  6.44  1
 12  692 390.00  0.00 800.00 10.80  1
 13  909 510.00  0.00 800.00 12.90  0
 14  727 410.00  0.00 800.00  8.60  0
 15  582 330.00  0.00 800.00  6.44  1
 16  781 440.00  0.00 800.00  8.60  0
 17  781 430.00  0.00 800.00 10.80  0
 18  781 450.00  0.00 800.00  6.44  0
 19  654 370.00  0.00 800.00  6.44  1
