  0  916 510.00  0.00 800.00 260.00  1
  1 1115 620.00  0.00 800.00 520.00  0
  2  881 490.00  0.00 800.00 520.00  0
  3  791 440.00  0.00 800.00 520.00  0
  4  683 380.00  0.00 800.00 520.00  0
  5  772 430.00  0.00 800.00 260.00  0
  6  751 420.00  0.00 800.00 52.00  0
  7 1421 790.00  0.00 800.00 520.00  0
  8  748 420.00  0.00 800.00 17.20  0
  9 1421 790.00  0.00 800.00 260.00  0
 10  762 430.00  0.00 800.00  6.44  0
 11 1421 770.00  0.00 800.00 260.00  0
 12  725 410.00  0.00 800.00  4.30  0
 13  796 450.00  0.00 800.00  3.00  0
 14 1420 790.00  0.00 800.00 260.00  0
 15  813 460.00  0.00 800.00  2.00  0
 16  777 440.00  0.00 800.00  2.00  0
 17  795 450.00  0.00 800.00  2.00  0
 18  813 460.00  0.00 800.00  2.00  0
 19  777 440.00  0.00 800.00  2.00  0
