trialNum matrixIndex leftValue leftTime rightValue rightTime choice
  0  366 210.00  0.00 800.00  6.44  1
  1  664 370.00  0.00 800.00 260.00  0
  2  695 390.00  0.00 800.00 21.50  1
  3  608 340.00  0.00 800.00 104.00  0
  4  661 370.00  0.00 800.00 52.00  0
  5  732 410.00  0.00 800.00 26.00  1
  6  822 460.00  0.00 800.00 26.00  1
  7  571 320.00  0.00 800.00 52.00  0
  8  822 450.00  0.00 800.00 52.00  0
  9  822 480.00  0.00 800.00 21.50  1
 10  822 470.00  0.00 800.00 52.00  0
 11  822 440.00  0.00 800.00 21.50  1
 12  822 480.00  0.00 800.00 52.00  0
 13  822 450.00  0.00 800.00 52.00  0
 14  822 460.00  0.00 800.00 52.00  0
 15  822 440.00  0.00 800.00 21.50  1
 16  822 470.00  0.00 800.00 52.00  0
 17  822 470.00  0.00 800.00 52.00  0
 18  822 440.00  0.00 800.00 52.00  0
 19  822 480.00  0.00 800.00 21.50  1
