  0  832 470.00  0.00 800.00  3.00  1
  1  753 420.00  0.00 800.00 156.00  0
  2  732 410.00  0.00 800.00 26.00  0
  3  693 390.00  0.00 800.00 12.90  1
  4  695 390.00  0.00 800.00 21.50  0
  5  783 440.00  0.00 800.00 12.90  1
  6  676 380.00  0.00 800.00 17.20  1
  7  713 400.00  0.00 800.00 21.50  0
  8  713 420.00  0.00 800.00 26.00  0
  9  676 380.00  0.00 800.00 17.20  1
 10  642 360.00  0.00 800.00 26.00  0
 11  605 340.00  0.00 800.00 21.50  0
 12  676 380.00  0.00 800.00 17.20  1
 13  676 380.00  0.00 800.00 12.90  1
 14  765 430.00  0.00 800.00 12.90  1
 15  765 420.00  0.00 800.00 17.20  1
 16  713 400.00  0.00 800.00 21.50  0
 17  713 390.00  0.00 800.00 26.00  0
 18  676 380.00  0.00 800.00 17.20  1
 19  713 390.00  0.00 800.00 26.00  0
