  0  309 180.00  0.00 800.00  2.00  1
  1  698 390.00  0.00 800.00 104.00  0
  2  745 420.00  0.00 800.00  8.60  1
  3  732 410.00  0.00 800.00 26.00  1
  4  679 380.00  0.00 800.00 52.00  1
  5  769 430.00  0.00 800.00 52.00  1
  6  608 340.00  0.00 800.00 104.00  0
  7  626 350.00  0.00 800.00 104.00  0
  8  751 420.00  0.00 800.00 52.00  1
  9  626 330.00  0.00 800.00 52.00  1
 10  626 350.00  0.00 800.00 156.00  0
 11  626 360.00  0.00 800.00 156.00  0
 12  859 480.00  0.00 800.00 52.00  1
 13  626 360.00  0.00 800.00 52.00  1
 14  626 350.00  0.00 800.00 52.00  1
 15  626 330.00  0.00 800.00 156.00  0
 16  626 330.00  0.00 800.00 52.00  1
 17  626 370.00  0.00 800.00 52.00  1
 18  626 340.00  0.00 800.00 52.00  1
 19  626 330.00  0.00 800.00 52.00  1
