  0   81  50.00  0.00 800.00 12.90  1
  1  698 390.00  0.00 800.00 104.00  0
  2  656 370.00  0.00 800.00 10.80  0
  3  742 420.00  0.00 800.00  3.00  1
  4  654 370.00  0.00 800.00  6.44  1
  5  655 370.00  0.00 800.00  8.60  1
  6  674 380.00  0.00 800.00 10.80  1
  7  676 380.00  0.00 800.00 17.20  0
  8  745 420.00  0.00 800.00  8.60  1
  9  729 410.00  0.00 800.00 12.90  0
 10  727 410.00  0.00 800.00  8.60  0
 11  745 420.00  0.00 800.00  8.60  0
 12  763 430.00  0.00 800.00  8.60  0
 13  654 370.00  0.00 800.00  6.44  1
 14  763 430.00  0.00 800.00  6.44  1
 15  692 390.00  0.00 800.00 10.80  1
 16  745 420.00  0.00 800.00  8.60  1
 17  837 470.00  0.00 800.00 12.90  0
 18  638 360.00  0.00 800.00 10.80  0
 19  674 380.00  0.00 800.00 10.80  0
