  0  953 530.00  0.00 800.00 520.00  0
  1  822 460.00  0.00 800.00 26.00  1
  2  753 420.00  0.00 800.00 156.00  1
  3  611 340.00  0.00 800.00 520.00  0
  4  754 420.00  0.00 800.00 260.00  0
  5  664 370.00  0.00 800.00 260.00  0
  6  735 410.00  0.00 800.00 156.00  1
  7  664 380.00  0.00 800.00 156.00  1
  8  664 380.00  0.00 800.00 520.00  0
  9  664 390.00  0.00 800.00 156.00  1
 10  664 360.00  0.00 800.00 520.00  0
 11  664 390.00  0.00 800.00 520.00  0
 12  664 350.00  0.00 800.00 156.00  1
 13  664 360.00  0.00 800.00 156.00  1
 14  664 370.00  0.00 800.00 520.00  0
 15  664 370.00  0.00 800.00 156.00  1
 16  664 370.00  0.00 800.00 520.00  0
 17  664 360.00  0.00 800.00 156.00  1
 18  664 370.00  0.00 800.00 520.00  0
 19  664 370.00  0.00 800.00 156.00  1
