  0 1245 700.00  0.00 800.00  2.00  0
  1  707 400.00  0.00 800.00  4.30  1
  2  656 370.00  0.00 800.00 10.80  1
  3  570 320.00  0.00 800.00 26.00  1
  4  645 360.00  0.00 800.00 156.00  0
  5  750 420.00  0.00 800.00 26.00  1
  6  751 420.00  0.00 800.00 52.00  1
  7  753 420.00  0.00 800.00 156.00  0
  8  626 350.00  0.00 800.00 104.00  0
  9  733 410.00  0.00 800.00 52.00  0
 10  589 330.00  0.00 800.00 52.00  1
 11  931 520.00  0.00 800.00 52.00  0
 12  625 350.00  0.00 800.00 52.00  1
 13  787 440.00  0.00 800.00 52.00  0
 14  607 340.00  0.00 800.00 52.00  1
 15  805 450.00  0.00 800.00 52.00  0
 16  589 330.00  0.00 800.00 52.00  1
 17  805 470.00  0.00 800.00 104.00  0
 18  805 470.00  0.00 800.00 26.00  1
 19  805 470.00  0.00 800.00 104.00  0
