  0    6  10.00  0.00 800.00  6.44  0
  1 1421 790.00  0.00 800.00 520.00  0
  2 1421 790.00  0.00 800.00 520.00  0
  3 1421 790.00  0.00 800.00 520.00  0
  4 1419 790.00  0.00 800.00 156.00  0
  5 1419 790.00  0.00 800.00 260.00  0
  6 1420 790.00  0.00 800.00 260.00  0
  7  796 450.00  0.00 800.00  3.00  1
  8 1421 790.00  0.00 800.00 520.00  0
  9  852 480.00  0.00 800.00  6.44  1
 10  821 460.00  0.00 800.00 21.50  0
 11 1421 790.00  0.00 800.00 520.00  0
 12  763 430.00  0.00 800.00  8.60  1
 13  802 450.00  0.00 800.00 17.20  0
 14 1421 790.00  0.00 800.00 520.00  0
 15  728 410.00  0.00 800.00 10.80  0
 16  690 390.00  0.00 800.00  6.44  1
 17  691 390.00  0.00 800.00  8.60  0
 18  618 350.00  0.00 800.00  6.44  1
 19  691 400.00  0.00 800.00 10.80  1
