  0 1274 710.00  0.00 800.00 104.00  0
  1  732 410.00  0.00 800.00 26.00  1
  2  663 370.00  0.00 800.00 156.00  1
  3  844 470.00  0.00 800.00 260.00  0
  4  664 370.00  0.00 800.00 260.00  0
  5  753 420.00  0.00 800.00 156.00  0
  6  788 440.00  0.00 800.00 104.00  1
  7  753 410.00  0.00 800.00 104.00  1
  8  753 420.00  0.00 800.00 104.00  1
  9  753 440.00  0.00 800.00 104.00  0
 10  627 350.00  0.00 800.00 156.00  0
 11  536 300.00  0.00 800.00 104.00  1
 12  645 360.00  0.00 800.00 156.00  0
 13  681 380.00  0.00 800.00 156.00  0
 14  699 390.00  0.00 800.00 156.00  0
 15  699 390.00  0.00 800.00 260.00  0
 16  699 380.00  0.00 800.00 260.00  0
 17  644 360.00  0.00 800.00 104.00  1
 18  681 380.00  0.00 800.00 156.00  0
 19  681 400.00  0.00 800.00 260.00  1
