  0 1277 710.00  0.00 800.00 520.00  0
  1  769 430.00  0.00 800.00 52.00  1
  2  701 390.00  0.00 800.00 520.00  0
  3  753 420.00  0.00 800.00 156.00  0
  4  698 390.00  0.00 800.00 104.00  0
  5  608 340.00  0.00 800.00 104.00  0
  6  751 420.00  0.00 800.00 52.00  0
  7  804 450.00  0.00 800.00 26.00  0
  8  746 420.00  0.00 800.00 10.80  1
  9  659 370.00  0.00 800.00 21.50  1
 10  696 390.00  0.00 800.00 26.00  0
 11  550 310.00  0.00 800.00 17.20  1
 12  551 310.00  0.00 800.00 21.50  1
 13  515 290.00  0.00 800.00 21.50  1
 14  822 460.00  0.00 800.00 26.00  1
 15  805 450.00  0.00 800.00 52.00  0
 16  660 370.00  0.00 800.00 26.00  1
 17  751 420.00  0.00 800.00 52.00  0
 18  733 410.00  0.00 800.00 52.00  0
 19  714 400.00  0.00 800.00 26.00  0
