trialNum matrixIndex leftValue leftTime rightValue rightTime choice
  0  384 220.00  0.00 800.00  6.44  1
  1  753 420.00  0.00 800.00 156.00  0
  2  695 390.00  0.00 800.00 21.50  1
  3  769 430.00  0.00 800.00 52.00  1
  4  698 390.00  0.00 800.00 104.00  0
  5  608 340.00  0.00 800.00 104.00  0
  6  751 420.00  0.00 800.00 52.00  1
  7  626 350.00  0.00 800.00 104.00  0
  8  751 400.00  0.00 800.00 26.00  1
  9  626 350.00  0.00 800.00 52.00  1
 10  751 410.00  0.00 800.00 26.00  1
 11  626 360.00  0.00 800.00 52.00  1
 12  859 480.00  0.00 800.00 52.00  1
 13  626 340.00  0.00 800.00 156.00  0
 14  626 370.00  0.00 800.00 156.00  0
 15  608 340.00  0.00 800.00 104.00  0
 16  626 370.00  0.00 800.00 52.00  1
 17  626 350.00  0.00 800.00 156.00  0
 18  626 350.00  0.00 800.00 156.00  0
 19  626 330.00  0.00 800.00 156.00  0
