  0   62  40.00  0.00 800.00 10.80  1
  1  698 390.00  0.00 800.00 104.00  0
  2  693 390.00  0.00 800.00 12.90  0
  3  742 420.00  0.00 800.00  3.00  0
  4  687 390.00  0.00 800.00  2.00  1
  5  652 370.00  0.00 800.00  3.00  0
  6  687 410.00  0.00 800.00  3.00  1
  7  797 450.00  0.00 800.00  4.30  0
  8  616 350.00  0.00 800.00  3.00  1
  9  707 400.00  0.00 800.00  4.30  0
 10  616 360.00  0.00 800.00  4.30  1
 11 1417 790.00  0.00 800.00 52.00  0
 12  743 420.00  0.00 800.00  4.30  0
 13  562 320.00  0.00 800.00  3.00  0
 14 1417 790.00  0.00 800.00 52.00  0
 15  525 300.00  0.00 800.00  2.00  1
 16  597 340.00  0.00 800.00  2.00  1
 17  797 450.00  0.00 800.00  4.30  0
 18  633 360.00  0.00 800.00  2.00  1
 19  814 460.00  0.00 800.00  3.00  0
