  0  469 270.00  0.00 800.00  0.71  1
  1  698 390.00  0.00 800.00 104.00  0
  2  656 370.00  0.00 800.00 10.80  1
  3  732 410.00  0.00 800.00 26.00  0
  4  694 390.00  0.00 800.00 17.20  1
  5  695 390.00  0.00 800.00 21.50  1
  6  732 410.00  0.00 800.00 26.00  0
  7  695 380.00  0.00 800.00 26.00  1
  8  750 420.00  0.00 800.00 26.00  1
  9  732 410.00  0.00 800.00 26.00  1
 10  661 370.00  0.00 800.00 52.00  0
 11  714 400.00  0.00 800.00 26.00  1
 12  643 360.00  0.00 800.00 52.00  0
 13  643 370.00  0.00 800.00 26.00  1
 14  643 370.00  0.00 800.00 26.00  1
 15  625 350.00  0.00 800.00 52.00  0
 16  858 480.00  0.00 800.00 26.00  1
 17  661 370.00  0.00 800.00 52.00  0
 18  876 490.00  0.00 800.00 26.00  0
 19  894 500.00  0.00 800.00 26.00  0
