trialNum matrixIndex leftValue leftTime rightValue rightTime choice
  0  765 430.00  0.00 800.00 12.90  1
  1  611 340.00  0.00 800.00 520.00  0
  2  608 340.00  0.00 800.00 104.00  0
  3  822 460.00  0.00 800.00 26.00  1
  4  751 420.00  0.00 800.00 52.00  1
  5  751 400.00  0.00 800.00 26.00  1
  6  751 410.00  0.00 800.00 26.00  1
  7  751 410.00  0.00 800.00 26.00  1
  8  751 440.00  0.00 800.00 104.00  0
  9  751 440.00  0.00 800.00 26.00  1
 10  751 440.00  0.00 800.00 26.00  1
 11  751 440.00  0.00 800.00 26.00  1
 12  751 420.00  0.00 800.00 26.00  1
 13  751 440.00  0.00 800.00 104.00  0
 14  751 400.00  0.00 800.00 26.00  1
 15  751 420.00  0.00 800.00 104.00  0
 16  608 340.00  0.00 800.00 104.00  1
 17  608 340.00  0.00 800.00 52.00  1
 18  608 340.00  0.00 800.00 52.00  1
 19  608 360.00  0.00 800.00 156.00  0
