trialNum matrixIndex leftValue leftTime rightValue rightTime choice
  0  584 330.00  0.00 800.00 10.80  1
  1  790 440.00  0.00 800.00 260.00  0
  2  661 370.00  0.00 800.00 52.00  1
  3  663 370.00  0.00 800.00 156.00  0
  4  626 350.00  0.00 800.00 104.00  1
  5  716 400.00  0.00 800.00 104.00  1
  6  716 420.00  0.00 800.00 52.00  1
  7  681 380.00  0.00 800.00 156.00  0
  8  716 380.00  0.00 800.00 156.00  0
  9  716 410.00  0.00 800.00 156.00  0
 10  716 420.00  0.00 800.00 52.00  1
 11  716 420.00  0.00 800.00 52.00  1
 12  716 410.00  0.00 800.00 156.00  0
 13  716 380.00  0.00 800.00 156.00  0
 14  716 420.00  0.00 800.00 156.00  0
 15  716 380.00  0.00 800.00 156.00  0
 16  716 410.00  0.00 800.00 52.00  1
 17  716 420.00  0.00 800.00 52.00  1
 18  716 420.00  0.00 800.00 52.00  1
 19  716 380.00  0.00 800.00 156.00  0
 20  716 420.00  0.00 800.00 52.00  1
 21  716 390.00  0.00 800.00 156.00  0
 22  716 420.00  0.00 800.00 52.00  1
 23  716 410.00  0.00 800.00 156.00  0
 24  716 390.00  0.00 800.00 156.00  0
 25  716 410.00  0.00 800.00 156.00  0
 26  716 420.00  0.00 800.00 52.00  1
 27  716 390.00  0.00 800.00 52.00  1
 28  716 390.00  0.00 800.00 156.00  0
 29  716 390.00  0.00 800.00 52.00  1
 30  716 390.00  0.00 800.00 52.00  1
 31  716 410.00  0.00 800.00 52.00  1
 32  716 410.00  0.00 800.00 52.00  1
 33  716 410.00  0.00 800.00 156.00  0
 34  716 380.00  0.00 800.00 156.00  0
 35  716 420.00  0.00 800.00 52.00  1
 36  716 380.00  0.00 800.00 52.00  1
 37  716 410.00  0.00 800.00 52.00  1
 38  716 400.00  0.00 800.00 156.00  0
 39  716 410.00  0.00 800.00 156.00  0
 40  716 390.00  0.00 800.00 156.00  0
 41  716 390.00  0.00 800.00 156.00  0
