  0 1333 750.00  0.00 800.00  0.71  0
  1  707 400.00  0.00 800.00  4.30  1
  2  604 340.00  0.00 800.00 17.20  0
  3  744 420.00  0.00 800.00  6.44  1
  4  745 420.00  0.00 800.00  8.60  1
  5  711 400.00  0.00 800.00 12.90  0
  6  656 370.00  0.00 800.00 10.80  1
  7  711 380.00  0.00 800.00 17.20  0
  8  727 410.00  0.00 800.00  8.60  1
  9  764 430.00  0.00 800.00 10.80  1
 10  764 410.00  0.00 800.00  8.60  1
 11  764 430.00  0.00 800.00 12.90  0
 12  764 410.00  0.00 800.00  8.60  1
 13  764 440.00  0.00 800.00 12.90  0
 14  764 430.00  0.00 800.00 12.90  0
 15  764 450.00  0.00 800.00  8.60  1
 16  693 390.00  0.00 800.00 12.90  1
 17  746 420.00  0.00 800.00 10.80  1
 18  675 380.00  0.00 800.00 12.90  1
 19  675 370.00  0.00 800.00 17.20  0
