trialNum matrixIndex leftValue leftTime rightValue rightTime choice
  0  270 160.00  0.00 800.00  0.43  1
  1  753 420.00  0.00 800.00 156.00  0
  2  693 390.00  0.00 800.00 12.90  1
  3  679 380.00  0.00 800.00 52.00  0
  4  732 410.00  0.00 800.00 26.00  0
  5  695 390.00  0.00 800.00 21.50  1
  6  695 410.00  0.00 800.00 17.20  1
  7  732 410.00  0.00 800.00 26.00  0
  8  695 370.00  0.00 800.00 26.00  1
  9  732 430.00  0.00 800.00 52.00  0
 10  732 420.00  0.00 800.00 21.50  1
 11  732 410.00  0.00 800.00 21.50  1
 12  732 400.00  0.00 800.00 52.00  0
 13  732 410.00  0.00 800.00 21.50  1
 14  732 420.00  0.00 800.00 21.50  1
 15  732 400.00  0.00 800.00 52.00  0
 16  732 390.00  0.00 800.00 52.00  0
 17  732 400.00  0.00 800.00 21.50  1
 18  732 430.00  0.00 800.00 21.50  1
 19  732 400.00  0.00 800.00 21.50  1
