  0  632 360.00  0.00 800.00  1.00  1
  1  716 400.00  0.00 800.00 104.00  1
  2  971 540.00  0.00 800.00 520.00  0
  3  754 420.00  0.00 800.00 260.00  1
  4  701 390.00  0.00 800.00 520.00  0
  5  844 470.00  0.00 800.00 260.00  1
  6  701 380.00  0.00 800.00 260.00  1
  7  701 400.00  0.00 800.00 260.00  1
  8  701 380.00  0.00 800.00 260.00  1
  9  701 370.00  0.00 800.00 260.00  1
 10  701 390.00  0.00 800.00 260.00  1
 11  701 380.00  0.00 800.00 260.00  1
 12  701 390.00  0.00 800.00 260.00  1
 13  701 410.00  0.00 800.00 260.00  1
 14  701 380.00  0.00 800.00 260.00  1
 15  701 380.00  0.00 800.00 260.00  1
 16  701 410.00  0.00 800.00 260.00  1
 17  701 390.00  0.00 800.00 260.00  1
 18  701 400.00  0.00 800.00 260.00  1
 19  701 400.00  0.00 800.00 260.00  1
