  0  195 110.00  0.00 800.00 156.00  0
  1  654 370.00  0.00 800.00  6.44  1
  2  693 390.00  0.00 800.00 12.90  1
  3  694 390.00  0.00 800.00 17.20  1
  4  784 440.00  0.00 800.00 17.20  1
  5  732 410.00  0.00 800.00 26.00  1
  6  625 350.00  0.00 800.00 52.00  1
  7  698 390.00  0.00 800.00 104.00  1
  8  845 470.00  0.00 800.00 520.00  0
  9  843 470.00  0.00 800.00 156.00  0
 10  807 450.00  0.00 800.00 156.00  0
 11  788 440.00  0.00 800.00 104.00  1
 12    1  10.00  0.00 800.00  0.71  1
 13  897 500.00  0.00 800.00 156.00  0
 14  536 300.00  0.00 800.00 104.00  1
 15  825 460.00  0.00 800.00 156.00  0
 16  590 330.00  0.00 800.00 104.00  1
 17  825 460.00  0.00 800.00 104.00  1
 18  915 510.00  0.00 800.00 156.00  0
 19  554 310.00  0.00 800.00 104.00  1
