  0  802 450.00  0.00 800.00 17.20  0
  1  707 400.00  0.00 800.00  4.30  1
  2  745 420.00  0.00 800.00  8.60  1
  3  676 380.00  0.00 800.00 17.20  1
  4  642 360.00  0.00 800.00 26.00  1
  5  607 340.00  0.00 800.00 52.00  0
  6  695 390.00  0.00 800.00 21.50  1
  7  750 420.00  0.00 800.00 26.00  1
  8  733 410.00  0.00 800.00 52.00  0
  9  697 390.00  0.00 800.00 52.00  0
 10  732 410.00  0.00 800.00 26.00  1
 11  679 380.00  0.00 800.00 52.00  0
 12  876 490.00  0.00 800.00 26.00  1
 13  913 510.00  0.00 800.00 52.00  0
 14  805 450.00  0.00 800.00 52.00  0
 15  858 480.00  0.00 800.00 26.00  1
 16  624 350.00  0.00 800.00 26.00  1
 17  787 440.00  0.00 800.00 52.00  0
 18  786 440.00  0.00 800.00 26.00  1
 19  768 430.00  0.00 800.00 26.00  1
