  0  592 330.00  0.00 800.00 260.00  1
  1  971 540.00  0.00 800.00 520.00  0
  2  683 380.00  0.00 800.00 520.00  0
  3  754 420.00  0.00 800.00 260.00  0
  4  664 370.00  0.00 800.00 260.00  0
  5  860 480.00  0.00 800.00 104.00  0
  6  805 450.00  0.00 800.00 52.00  0
  7  747 420.00  0.00 800.00 12.90  1
  8  732 410.00  0.00 800.00 26.00  0
  9 1421 790.00  0.00 800.00 520.00  0
 10  657 370.00  0.00 800.00 12.90  1
 11  750 420.00  0.00 800.00 26.00  0
 12  602 340.00  0.00 800.00 10.80  1
 13  604 340.00  0.00 800.00 17.20  1
 14  876 490.00  0.00 800.00 26.00  0
 15  622 350.00  0.00 800.00 17.20  1
 16  804 450.00  0.00 800.00 26.00  0
 17  532 300.00  0.00 800.00 17.20  1
 18  858 480.00  0.00 800.00 26.00  0
 19  822 460.00  0.00 800.00 26.00  0
