  0  585 330.00  0.00 800.00 12.90  0
  1  742 420.00  0.00 800.00  3.00  1
  2  654 370.00  0.00 800.00  6.44  1
  3  655 370.00  0.00 800.00  8.60  1
  4  621 350.00  0.00 800.00 12.90  1
  5  571 320.00  0.00 800.00 52.00  1
  6  718 400.00  0.00 800.00 260.00  0
  7    0  10.00  0.00 800.00  0.43  1
  8  769 430.00  0.00 800.00 52.00  1
  9    0  10.00  0.00 800.00  0.71  1
 10  790 440.00  0.00 800.00 260.00  0
 11  698 390.00  0.00 800.00 104.00  1
 12    0  10.00  0.00 800.00  0.43  1
 13  735 410.00  0.00 800.00 156.00  1
 14  862 480.00  0.00 800.00 260.00  0
 15  717 400.00  0.00 800.00 156.00  1
 16  826 460.00  0.00 800.00 260.00  0
 17  627 350.00  0.00 800.00 156.00  1
 18  862 480.00  0.00 800.00 260.00  0
 19  591 330.00  0.00 800.00 156.00  1
