  0  103  60.00  0.00 800.00 52.00  0
  1  687 390.00  0.00 800.00  2.00  0
  2  758 430.00  0.00 800.00  1.00  1
  3  597 340.00  0.00 800.00  2.00  1
  4  597 320.00  0.00 800.00  3.00  0
  5  597 320.00  0.00 800.00  1.00  1
  6  597 340.00  0.00 800.00  1.00  1
  7  597 320.00  0.00 800.00  1.00  1
  8  597 340.00  0.00 800.00  1.00  1
  9  597 360.00  0.00 800.00  3.00  1
 10  742 420.00  0.00 800.00  3.00  1
 11 1420 790.00  0.00 800.00 260.00  0
 12  851 480.00  0.00 800.00  4.30  0
 13  779 440.00  0.00 800.00  4.30  0
 14  868 490.00  0.00 800.00  3.00  0
 15  796 450.00  0.00 800.00  3.00  1
 16 1419 790.00  0.00 800.00 156.00  0
 17  869 490.00  0.00 800.00  4.30  0
 18  958 540.00  0.00 800.00  3.00  0
 19  633 360.00  0.00 800.00  2.00  1
