  0 1378 770.00  0.00 800.00 17.20  0
  1  695 390.00  0.00 800.00 21.50  0
  2  707 400.00  0.00 800.00  4.30  0
  3  705 400.00  0.00 800.00  2.00  1
  4  742 420.00  0.00 800.00  3.00  0
  5  652 370.00  0.00 800.00  3.00  0
  6  687 390.00  0.00 800.00  2.00  0
  7  687 380.00  0.00 800.00  1.00  1
  8  687 410.00  0.00 800.00  1.00  0
  9 1416 790.00  0.00 800.00 26.00  0
 10 1417 790.00  0.00 800.00 52.00  0
 11  849 480.00  0.00 800.00  2.00  0
 12  813 460.00  0.00 800.00  2.00  0
 13  776 440.00  0.00 800.00  1.00  0
 14  723 410.00  0.00 800.00  2.00  0
 15  902 510.00  0.00 800.00  1.00  0
 16  902 510.00  0.00 800.00  0.71  1
 17  741 420.00  0.00 800.00  2.00  0
 18  722 410.00  0.00 800.00  1.00  1
 19  686 390.00  0.00 800.00  1.00  1
