  0  813 460.00  0.00 800.00  2.00  1
  1  645 360.00  0.00 800.00 156.00  0
  2  695 390.00  0.00 800.00 21.50  0
  3  744 420.00  0.00 800.00  6.44  1
  4  693 390.00  0.00 800.00 12.90  0
  5  745 420.00  0.00 800.00  8.60  1
  6  764 430.00  0.00 800.00 10.80  1
  7  693 390.00  0.00 800.00 12.90  0
  8  711 400.00  0.00 800.00 12.90  0
  9  782 440.00  0.00 800.00 10.80  1
 10 1419 790.00  0.00 800.00 156.00  0
 11  693 390.00  0.00 800.00 12.90  0
 12  838 470.00  0.00 800.00 17.20  0
 13  637 360.00  0.00 800.00  8.60  1
 14  729 410.00  0.00 800.00 12.90  0
 15  729 400.00  0.00 800.00 10.80  1
 16  729 410.00  0.00 800.00 17.20  0
 17  729 420.00  0.00 800.00 17.20  0
 18  711 400.00  0.00 800.00 12.90  0
 19  729 430.00  0.00 800.00 10.80  1
