  0 1055 590.00  0.00 800.00 21.50  1
  1  881 490.00  0.00 800.00 520.00  0
  2  664 370.00  0.00 800.00 260.00  0
  3  645 360.00  0.00 800.00 156.00  0
  4  698 390.00  0.00 800.00 104.00  0
  5  608 340.00  0.00 800.00 104.00  0
  6  751 420.00  0.00 800.00 52.00  0
  7  840 470.00  0.00 800.00 26.00  0
  8  712 400.00  0.00 800.00 17.20  0
  9  690 390.00  0.00 800.00  6.44  1
 10  620 350.00  0.00 800.00 10.80  0
 11 1421 790.00  0.00 800.00 520.00  0
 12  618 350.00  0.00 800.00  6.44  1
 13 1421 790.00  0.00 800.00 260.00  0
 14  637 360.00  0.00 800.00  8.60  1
 15  602 340.00  0.00 800.00 10.80  1
 16  712 400.00  0.00 800.00 17.20  0
 17  819 460.00  0.00 800.00 12.90  0
 18  583 330.00  0.00 800.00  8.60  1
 19  512 290.00  0.00 800.00 10.80  0
