trialNum matrixIndex leftValue leftTime rightValue rightTime choice
  0  460 260.00  0.00 800.00 17.20  1
  1  754 420.00  0.00 800.00 260.00  0
  2  679 380.00  0.00 800.00 52.00  1
  3  698 390.00  0.00 800.00 104.00  1
  4  753 420.00  0.00 800.00 156.00  1
  5  664 370.00  0.00 800.00 260.00  1
  6  772 430.00  0.00 800.00 260.00  1
  7  701 390.00  0.00 800.00 520.00  0
  8  754 420.00  0.00 800.00 260.00  1
  9  647 360.00  0.00 800.00 520.00  0
 10  736 410.00  0.00 800.00 260.00  1
 11  629 350.00  0.00 800.00 520.00  0
 12  736 410.00  0.00 800.00 156.00  1
 13  736 390.00  0.00 800.00 156.00  1
 14  629 350.00  0.00 800.00 520.00  0
 15  736 410.00  0.00 800.00 156.00  1
 16  736 410.00  0.00 800.00 156.00  1
 17  736 410.00  0.00 800.00 520.00  0
 18  736 430.00  0.00 800.00 520.00  0
 19  736 420.00  0.00 800.00 520.00  0
