trialNum matrixIndex leftValue leftTime rightValue rightTime choice
  0 1102 620.00  0.00 800.00  3.00  1
  1  647 360.00  0.00 800.00 520.00  1
  2 1169 650.00  0.00 800.00 520.00  1
  3 1277 710.00  0.00 800.00 520.00  0
  4 1223 680.00  0.00 800.00 520.00  1
  5 1277 720.00  0.00 800.00 260.00  0
  6 1295 720.00  0.00 800.00 520.00  0
  7 1115 620.00  0.00 800.00 520.00  1
  8 1223 680.00  0.00 800.00 520.00  1
  9 1295 720.00  0.00 800.00 520.00  0
 10 1205 670.00  0.00 800.00 520.00  1
 11 1295 740.00  0.00 800.00 260.00  0
 12 1205 650.00  0.00 800.00 260.00  1
 13 1295 700.00  0.00 800.00 260.00  0
 14 1367 760.00  0.00 800.00 520.00  0
 15 1331 740.00  0.00 800.00 520.00  0
 16 1205 670.00  0.00 800.00 520.00  1
 17 1331 740.00  0.00 800.00 260.00  0
 18 1205 690.00  0.00 800.00 260.00  1
 19 1205 690.00  0.00 800.00 260.00  1
 20 1205 660.00  0.00 800.00 260.00  1
 21 1205 650.00  0.00 800.00 260.00  1
 22 1205 650.00  0.00 800.00 260.00  1
 23 1205 690.00  0.00 800.00 260.00  1
 24 1205 660.00  0.00 800.00 260.00  1
 25 1205 660.00  0.00 800.00 260.00  1
 26 1223 680.00  0.00 800.00 520.00  1
 27 1295 720.00  0.00 800.00 520.00  0
 28 1205 670.00  0.00 800.00 520.00  1
 29 1295 730.00  0.00 800.00 260.00  0
 30 1205 690.00  0.00 800.00 260.00  1
 31 1205 650.00  0.00 800.00 260.00  1
 32 1205 660.00  0.00 800.00 260.00  1
 33 1205 660.00  0.00 800.00 260.00  1
 34 1205 690.00  0.00 800.00 260.00  1
 35 1205 670.00  0.00 800.00 260.00  1
 36 1205 670.00  0.00 800.00 260.00  1
 37 1205 660.00  0.00 800.00 260.00  1
 38 1205 680.00  0.00 800.00 260.00  1
 39 1205 680.00  0.00 800.00 260.00  1
 40 1205 650.00  0.00 800.00 260.00  1
 41 1205 690.00  0.00 800.00 260.00  1
