  0 1412 790.00  0.00 800.00 10.80  0
  1  732 410.00  0.00 800.00 26.00  1
  2  664 370.00  0.00 800.00 260.00  1
  3  881 490.00  0.00 800.00 520.00  1
  4 1169 650.00  0.00 800.00 520.00  0
  5 1043 580.00  0.00 800.00 520.00  1
  6 1115 620.00  0.00 800.00 520.00  1
  7 1205 670.00  0.00 800.00 520.00  1
  8 1259 700.00  0.00 800.00 520.00  0
  9 1277 710.00  0.00 800.00 520.00  0
 10 1169 650.00  0.00 800.00 520.00  0
 11 1205 670.00  0.00 800.00 520.00  0
 12 1079 600.00  0.00 800.00 520.00  0
 13  899 500.00  0.00 800.00 520.00  0
 14   12  10.00  0.00 800.00 26.00  1
 15   12  10.00  0.00 800.00 52.00  1
 16   12  10.00  0.00 800.00 21.50  1
 17  773 430.00  0.00 800.00 520.00  1
 18  791 440.00  0.00 800.00 520.00  1
 19 1295 720.00  0.00 800.00 520.00  0
