trialNum matrixIndex leftValue leftTime rightValue rightTime choice
  0  176 100.00  0.00 800.00 104.00  0
  1  675 380.00  0.00 800.00 12.90  1
  2  676 380.00  0.00 800.00 17.20  1
  3  714 400.00  0.00 800.00 26.00  0
  4  713 400.00  0.00 800.00 21.50  0
  5  658 370.00  0.00 800.00 17.20  1
  6  713 380.00  0.00 800.00 17.20  1
  7  713 380.00  0.00 800.00 26.00  0
  8  784 440.00  0.00 800.00 17.20  1
  9  695 390.00  0.00 800.00 21.50  0
 10  948 530.00  0.00 800.00 26.00  0
 11  713 400.00  0.00 800.00 21.50  0
 12  731 410.00  0.00 800.00 21.50  0
 13  731 410.00  0.00 800.00 17.20  1
 14  802 450.00  0.00 800.00 17.20  0
 15  731 410.00  0.00 800.00 26.00  0
 16  802 450.00  0.00 800.00 12.90  1
 17  713 400.00  0.00 800.00 21.50  0
 18  713 410.00  0.00 800.00 17.20  1
 19  713 390.00  0.00 800.00 26.00  0
 20  713 420.00  0.00 800.00 26.00  0
 21  713 400.00  0.00 800.00 17.20  1
 22  713 410.00  0.00 800.00 17.20  1
 23  784 440.00  0.00 800.00 17.20  1
 24  695 390.00  0.00 800.00 21.50  0
 25  695 370.00  0.00 800.00 17.20  1
 26  784 440.00  0.00 800.00 17.20  1
 27  766 430.00  0.00 800.00 17.20  1
 28  748 420.00  0.00 800.00 17.20  1
 29  659 370.00  0.00 800.00 21.50  0
 30  677 380.00  0.00 800.00 21.50  0
 31  695 390.00  0.00 800.00 21.50  0
 32  713 400.00  0.00 800.00 21.50  0
 33  731 410.00  0.00 800.00 21.50  0
 34  731 430.00  0.00 800.00 17.20  1
 35  731 430.00  0.00 800.00 17.20  1
 36  695 390.00  0.00 800.00 21.50  0
 37  731 400.00  0.00 800.00 26.00  0
 38  731 430.00  0.00 800.00 17.20  1
 39  695 390.00  0.00 800.00 21.50  0
 40  731 400.00  0.00 800.00 26.00  0
 41  731 420.00  0.00 800.00 26.00  0
