trialNum matrixIndex leftValue leftTime rightValue rightTime choice
  0  400 230.00  0.00 800.00  3.00  1
  1  716 400.00  0.00 800.00 104.00  1
  2  971 540.00  0.00 800.00 520.00  0
  3  593 330.00  0.00 800.00 520.00  0
  4  753 420.00  0.00 800.00 156.00  1
  5  664 370.00  0.00 800.00 260.00  0
  6  664 390.00  0.00 800.00 156.00  1
  7  664 360.00  0.00 800.00 156.00  1
  8  664 360.00  0.00 800.00 156.00  1
  9  664 390.00  0.00 800.00 156.00  1
 10  664 390.00  0.00 800.00 156.00  1
 11  664 390.00  0.00 800.00 520.00  0
 12  664 390.00  0.00 800.00 520.00  0
 13  664 390.00  0.00 800.00 156.00  1
 14  664 370.00  0.00 800.00 520.00  0
 15  664 350.00  0.00 800.00 520.00  0
 16  664 370.00  0.00 800.00 520.00  0
 17  664 380.00  0.00 800.00 520.00  0
 18  664 390.00  0.00 800.00 520.00  0
 19  664 380.00  0.00 800.00 520.00  0
