trialNum matrixIndex leftValue leftTime rightValue rightTime choice
  0  798 450.00  0.00 800.00  6.44  1
  1  790 440.00  0.00 800.00 260.00  1
  2 1097 610.00  0.00 800.00 520.00  1
  3 1259 700.00  0.00 800.00 520.00  0
  4 1169 650.00  0.00 800.00 520.00  1
  5 1223 680.00  0.00 800.00 520.00  1
  6 1277 710.00  0.00 800.00 520.00  1
  7 1313 730.00  0.00 800.00 520.00  0
  8 1259 700.00  0.00 800.00 520.00  0
  9 1277 710.00  0.00 800.00 520.00  0
 10 1187 660.00  0.00 800.00 520.00  1
 11 1295 720.00  0.00 800.00 520.00  0
 12 1277 710.00  0.00 800.00 520.00  0
 13 1187 660.00  0.00 800.00 520.00  1
 14 1295 720.00  0.00 800.00 520.00  0
 15 1205 670.00  0.00 800.00 520.00  1
 16 1277 710.00  0.00 800.00 520.00  0
 17 1205 680.00  0.00 800.00 260.00  1
 18 1277 710.00  0.00 800.00 260.00  0
 19 1187 660.00  0.00 800.00 520.00  1
 20 1187 640.00  0.00 800.00 260.00  1
 21 1187 660.00  0.00 800.00 260.00  1
 22 1187 660.00  0.00 800.00 260.00  1
 23 1187 670.00  0.00 800.00 260.00  1
 24 1187 650.00  0.00 800.00 260.00  1
 25 1187 650.00  0.00 800.00 260.00  1
 26 1187 660.00  0.00 800.00 260.00  1
 27 1187 670.00  0.00 800.00 260.00  1
 28 1205 670.00  0.00 800.00 520.00  1
 29 1187 670.00  0.00 800.00 260.00  1
 30 1295 720.00  0.00 800.00 520.00  0
 31 1187 670.00  0.00 800.00 260.00  1
 32 1187 660.00  0.00 800.00 260.00  1
 33 1187 650.00  0.00 800.00 260.00  1
 34 1205 670.00  0.00 800.00 520.00  1
 35 1295 720.00  0.00 800.00 520.00  0
 36 1205 660.00  0.00 800.00 260.00  1
 37 1187 660.00  0.00 800.00 520.00  1
 38 1205 650.00  0.00 800.00 260.00  1
 39 1295 720.00  0.00 800.00 520.00  0
 40 1205 690.00  0.00 800.00 260.00  1
 41 1295 730.00  0.00 800.00 260.00  0
