  0  365 210.00  0.00 800.00  4.30  0
  1  758 430.00  0.00 800.00  1.00  1
  2  615 350.00  0.00 800.00  2.00  1
  3  671 380.00  0.00 800.00  4.30  1
  4    0  10.00  0.00 800.00  0.43  1
  5    0  30.00  0.00 800.00  0.71  1
  6  769 430.00  0.00 800.00 52.00  0
  7 1420 790.00  0.00 800.00 260.00  0
  8  745 420.00  0.00 800.00  8.60  0
  9  762 430.00  0.00 800.00  6.44  0
 10  797 450.00  0.00 800.00  4.30  0
 11  688 390.00  0.00 800.00  3.00  1
 12  670 380.00  0.00 800.00  3.00  1
 13  869 490.00  0.00 800.00  4.30  0
 14  598 340.00  0.00 800.00  3.00  1
 15  833 470.00  0.00 800.00  4.30  0
 16  815 460.00  0.00 800.00  4.30  0
 17  598 340.00  0.00 800.00  3.00  1
 18  725 410.00  0.00 800.00  4.30  0
 19  598 320.00  0.00 800.00  4.30  1
