  0  329 190.00  0.00 800.00  4.30  0
  1  758 430.00  0.00 800.00  1.00  1
  2  705 400.00  0.00 800.00  2.00  0
  3  633 360.00  0.00 800.00  2.00  1
  4 1416 790.00  0.00 800.00 26.00  0
  5 1416 770.00  0.00 800.00 52.00  0
  6 1416 790.00  0.00 800.00 21.50  0
  7  688 390.00  0.00 800.00  3.00  0
  8  597 340.00  0.00 800.00  2.00  0
  9  795 450.00  0.00 800.00  2.00  0
 10  615 350.00  0.00 800.00  2.00  0
 11  704 400.00  0.00 800.00  1.00  0
 12 1415 790.00  0.00 800.00 21.50  0
 13  795 450.00  0.00 800.00  2.00  0
 14  777 440.00  0.00 800.00  2.00  0
 15  722 410.00  0.00 800.00  1.00  1
 16  722 430.00  0.00 800.00  2.00  0
 17  722 420.00  0.00 800.00  0.71  1
 18  722 430.00  0.00 800.00  2.00  0
 19  722 420.00  0.00 800.00  2.00  0
