  0    9  10.00  0.00 800.00 12.90  0
  1 1421 790.00  0.00 800.00 520.00  0
  2 1418 790.00  0.00 800.00 104.00  0
  3 1418 790.00  0.00 800.00 104.00  0
  4 1417 790.00  0.00 800.00 52.00  0
  5  670 380.00  0.00 800.00  3.00  0
  6  705 400.00  0.00 800.00  2.00  0
  7  705 380.00  0.00 800.00  1.00  0
  8 1417 790.00  0.00 800.00 52.00  0
  9  759 430.00  0.00 800.00  2.00  0
 10  920 520.00  0.00 800.00  1.00  0
 11  920 510.00  0.00 800.00  2.00  0
 12  902 510.00  0.00 800.00  1.00  0
 13  866 490.00  0.00 800.00  1.00  0
 14  848 480.00  0.00 800.00  1.00  0
 15  848 500.00  0.00 800.00  0.71  0
 16  830 470.00  0.00 800.00  1.00  0
 17  830 480.00  0.00 800.00  2.00  0
 18  848 480.00  0.00 800.00  1.00  0
 19  830 480.00  0.00 800.00  2.00  0
