  0  106  60.00  0.00 800.00 260.00  0
  1  707 400.00  0.00 800.00  4.30  1
  2  745 420.00  0.00 800.00  8.60  1
  3  694 390.00  0.00 800.00 17.20  1
  4  642 360.00  0.00 800.00 26.00  1
  5  732 410.00  0.00 800.00 26.00  1
  6  661 370.00  0.00 800.00 52.00  1
  7  716 400.00  0.00 800.00 104.00  1
  8  826 460.00  0.00 800.00 260.00  0
  9    2  10.00  0.00 800.00  1.00  1
 10  807 450.00  0.00 800.00 156.00  1
 11    2  30.00  0.00 800.00  0.71  1
 12  808 450.00  0.00 800.00 260.00  0
 13  861 480.00  0.00 800.00 156.00  1
 14    0  10.00  0.00 800.00  0.43  1
 15  862 480.00  0.00 800.00 260.00  1
 16  809 450.00  0.00 800.00 520.00  0
 17  916 510.00  0.00 800.00 260.00  0
 18  645 360.00  0.00 800.00 156.00  1
 19  898 500.00  0.00 800.00 260.00  1
