  0  361 210.00  0.00 800.00  0.71  1
  1  806 450.00  0.00 800.00 104.00  0
  2  693 390.00  0.00 800.00 12.90  1
  3  661 370.00  0.00 800.00 52.00  0
  4  784 440.00  0.00 800.00 17.20  0
  5  783 440.00  0.00 800.00 12.90  0
  6  746 420.00  0.00 800.00 10.80  0
  7  780 440.00  0.00 800.00  6.44  1
  8  693 390.00  0.00 800.00 12.90  1
  9  675 380.00  0.00 800.00 12.90  1
 10  728 410.00  0.00 800.00 10.80  0
 11  601 340.00  0.00 800.00  8.60  1
 12  693 390.00  0.00 800.00 12.90  0
 13  729 410.00  0.00 800.00 12.90  0
 14  637 360.00  0.00 800.00  8.60  1
 15  729 430.00  0.00 800.00 10.80  0
 16  800 450.00  0.00 800.00 10.80  0
 17  673 380.00  0.00 800.00  8.60  0
 18  565 320.00  0.00 800.00  8.60  1
 19  601 340.00  0.00 800.00  8.60  1
