  0  256 150.00  0.00 800.00  3.00  0
  1 1419 790.00  0.00 800.00 156.00  0
  2 1421 790.00  0.00 800.00 520.00  0
  3 1421 790.00  0.00 800.00 520.00  0
  4 1417 790.00  0.00 800.00 52.00  0
  5 1418 790.00  0.00 800.00 104.00  0
  6  706 400.00  0.00 800.00  3.00  1
  7 1421 790.00  0.00 800.00 520.00  0
  8  799 450.00  0.00 800.00  8.60  1
  9    0  10.00  0.00 800.00  0.43  1
 10  750 420.00  0.00 800.00 26.00  1
 11  752 420.00  0.00 800.00 104.00  0
 12    0  10.00  0.00 800.00  0.43  1
 13  660 370.00  0.00 800.00 26.00  1
 14  751 420.00  0.00 800.00 52.00  1
 15  788 440.00  0.00 800.00 104.00  0
 16  787 440.00  0.00 800.00 52.00  1
 17  806 450.00  0.00 800.00 104.00  0
 18    0  10.00  0.00 800.00  0.43  1
 19  769 430.00  0.00 800.00 52.00  1
