  0 1024 570.00  0.00 800.00 260.00  1
  1 1169 650.00  0.00 800.00 520.00  0
  2  971 540.00  0.00 800.00 520.00  0
  3  881 490.00  0.00 800.00 520.00  0
  4  773 430.00  0.00 800.00 520.00  0
  5  772 430.00  0.00 800.00 260.00  0
  6  661 370.00  0.00 800.00 52.00  1
  7    1  10.00  0.00 800.00  0.71  1
  8  645 360.00  0.00 800.00 156.00  0
  9    0  10.00  0.00 800.00  0.43  1
 10  625 350.00  0.00 800.00 52.00  1
 11    0  10.00  0.00 800.00  0.71  1
 12  698 390.00  0.00 800.00 104.00  0
 13  644 360.00  0.00 800.00 104.00  0
 14  553 310.00  0.00 800.00 52.00  1
 15  643 360.00  0.00 800.00 52.00  0
 16    0  10.00  0.00 800.00  0.43  1
 17  571 320.00  0.00 800.00 52.00  1
 18  679 380.00  0.00 800.00 52.00  1
 19  752 420.00  0.00 800.00 104.00  0
