  0   29  20.00  0.00 800.00 21.50  1
  1  698 390.00  0.00 800.00 104.00  0
  2  656 370.00  0.00 800.00 10.80  0
  3  652 370.00  0.00 800.00  3.00  0
  4  597 340.00  0.00 800.00  2.00  1
  5  687 390.00  0.00 800.00  2.00  1
  6  652 370.00  0.00 800.00  3.00  1
  7  653 370.00  0.00 800.00  4.30  0
  8  652 390.00  0.00 800.00  4.30  1
  9 1419 790.00  0.00 800.00 156.00  0
 10  726 410.00  0.00 800.00  6.44  0
 11  761 430.00  0.00 800.00  4.30  0
 12  797 450.00  0.00 800.00  4.30  0
 13  598 340.00  0.00 800.00  3.00  0
 14  525 300.00  0.00 800.00  2.00  1
 15  579 330.00  0.00 800.00  2.00  1
 16  616 350.00  0.00 800.00  3.00  1
 17  814 460.00  0.00 800.00  3.00  1
 18  905 510.00  0.00 800.00  4.30  0
 19  797 450.00  0.00 800.00  4.30  0
