trialNum matrixIndex leftValue leftTime rightValue rightTime choice
  0  282 160.00  0.00 800.00 26.00  1
  1  664 370.00  0.00 800.00 260.00  0
  2  822 460.00  0.00 800.00 26.00  0
  3  783 440.00  0.00 800.00 12.90  1
  4  784 440.00  0.00 800.00 17.20  1
  5  732 410.00  0.00 800.00 26.00  1
  6  589 330.00  0.00 800.00 52.00  1
  7  715 400.00  0.00 800.00 52.00  0
  8  822 460.00  0.00 800.00 26.00  1
  9  715 400.00  0.00 800.00 26.00  1
 10  715 420.00  0.00 800.00 104.00  0
 11  697 390.00  0.00 800.00 52.00  0
 12  804 450.00  0.00 800.00 26.00  1
 13  697 390.00  0.00 800.00 26.00  0
 14  823 460.00  0.00 800.00 52.00  0
 15  787 440.00  0.00 800.00 52.00  0
 16  822 460.00  0.00 800.00 26.00  0
 17  858 480.00  0.00 800.00 26.00  0
 18  858 490.00  0.00 800.00 21.50  0
 19  606 340.00  0.00 800.00 26.00  1
