  0  282 160.00  0.00 800.00 26.00  0
  1  652 370.00  0.00 800.00  3.00  1
  2  707 400.00  0.00 800.00  4.30  1
  3  654 370.00  0.00 800.00  6.44  1
  4  673 380.00  0.00 800.00  8.60  1
  5  659 370.00  0.00 800.00 21.50  0
  6  746 420.00  0.00 800.00 10.80  1
  7 1421 790.00  0.00 800.00 520.00  0
  8 1421 780.00  0.00 800.00 260.00  0
  9  767 430.00  0.00 800.00 21.50  0
 10  801 450.00  0.00 800.00 12.90  0
 11  747 420.00  0.00 800.00 12.90  0
 12  709 400.00  0.00 800.00  8.60  1
 13  691 390.00  0.00 800.00  8.60  1
 14  747 420.00  0.00 800.00 12.90  1
 15  820 460.00  0.00 800.00 17.20  1
 16 1421 790.00  0.00 800.00 520.00  0
 17  929 520.00  0.00 800.00 21.50  0
 18  893 500.00  0.00 800.00 21.50  0
 19  928 520.00  0.00 800.00 17.20  0
