  0 1353 760.00  0.00 800.00  2.00  0
  1  655 370.00  0.00 800.00  8.60  1
  2  642 360.00  0.00 800.00 26.00  0
  3  693 390.00  0.00 800.00 12.90  1
  4  783 440.00  0.00 800.00 12.90  0
  5  746 420.00  0.00 800.00 10.80  1
  6  694 390.00  0.00 800.00 17.20  0
  7  746 430.00  0.00 800.00 12.90  0
  8  746 400.00  0.00 800.00 12.90  1
  9  693 390.00  0.00 800.00 12.90  1
 10  605 340.00  0.00 800.00 21.50  0
 11  764 430.00  0.00 800.00 10.80  1
 12  764 420.00  0.00 800.00  8.60  1
 13  764 420.00  0.00 800.00  8.60  1
 14  676 380.00  0.00 800.00 17.20  0
 15  676 360.00  0.00 800.00 12.90  1
 16  764 430.00  0.00 800.00 10.80  1
 17 1281 720.00  0.00 800.00  2.00  0
 18  462 260.00  0.00 800.00 26.00  1
 19  106  60.00  0.00 800.00 260.00  1
