  0  194 110.00  0.00 800.00 104.00  1
  1  701 390.00  0.00 800.00 520.00  0
  2  698 390.00  0.00 800.00 104.00  0
  3  822 460.00  0.00 800.00 26.00  0
  4  784 440.00  0.00 800.00 17.20  1
  5  732 410.00  0.00 800.00 26.00  0
  6  732 430.00  0.00 800.00 21.50  0
  7  766 430.00  0.00 800.00 17.20  1
  8  766 420.00  0.00 800.00 12.90  1
  9  766 450.00  0.00 800.00 21.50  0
 10  695 390.00  0.00 800.00 21.50  1
 11  784 440.00  0.00 800.00 17.20  1
 12  732 410.00  0.00 800.00 26.00  0
 13  874 490.00  0.00 800.00 17.20  1
 14  750 420.00  0.00 800.00 26.00  0
 15  803 450.00  0.00 800.00 21.50  0
 16  732 410.00  0.00 800.00 26.00  1
 17  768 430.00  0.00 800.00 26.00  1
 18  768 420.00  0.00 800.00 21.50  0
 19  858 480.00  0.00 800.00 26.00  0
