  0 1149 640.00  0.00 800.00 156.00  0
  1  695 390.00  0.00 800.00 21.50  0
  2  707 400.00  0.00 800.00  4.30  1
  3  656 370.00  0.00 800.00 10.80  0
  4  744 420.00  0.00 800.00  6.44  0
  5  654 370.00  0.00 800.00  6.44  1
  6  654 380.00  0.00 800.00  4.30  1
  7  654 370.00  0.00 800.00  4.30  1
  8  654 380.00  0.00 800.00  8.60  1
  9  744 420.00  0.00 800.00  6.44  1
 10  710 400.00  0.00 800.00 10.80  1
 11  766 430.00  0.00 800.00 17.20  0
 12  747 420.00  0.00 800.00 12.90  1
 13 1421 790.00  0.00 800.00 520.00  0
 14  856 480.00  0.00 800.00 17.20  0
 15  838 470.00  0.00 800.00 17.20  0
 16  855 480.00  0.00 800.00 12.90  0
 17  837 470.00  0.00 800.00 12.90  0
 18  691 390.00  0.00 800.00  8.60  1
 19  819 460.00  0.00 800.00 12.90  0
