  0  757 430.00  0.00 800.00  0.71  1
  1  698 390.00  0.00 800.00 104.00  0
  2  745 420.00  0.00 800.00  8.60  0
  3  742 420.00  0.00 800.00  3.00  1
  4  654 370.00  0.00 800.00  6.44  0
  5  707 400.00  0.00 800.00  4.30  1
  6  672 380.00  0.00 800.00  6.44  0
  7  689 390.00  0.00 800.00  4.30  1
  8  672 390.00  0.00 800.00  8.60  0
  9  672 400.00  0.00 800.00  8.60  0
 10  689 390.00  0.00 800.00  4.30  1
 11  654 370.00  0.00 800.00  6.44  0
 12  654 390.00  0.00 800.00  8.60  0
 13  654 390.00  0.00 800.00  8.60  0
 14  707 400.00  0.00 800.00  4.30  1
 15  654 370.00  0.00 800.00  4.30  1
 16  654 380.00  0.00 800.00  4.30  1
 17  654 350.00  0.00 800.00  8.60  0
 18  797 450.00  0.00 800.00  4.30  1
 19  672 380.00  0.00 800.00  6.44  0
