trialNum matrixIndex leftValue leftTime rightValue rightTime choice
  0  852 480.00  0.00 800.00  6.44  1
  1  754 420.00  0.00 800.00 260.00  0
  2  769 430.00  0.00 800.00 52.00  0
  3  784 440.00  0.00 800.00 17.20  1
  4  822 460.00  0.00 800.00 26.00  0
  5  732 410.00  0.00 800.00 26.00  0
  6  695 390.00  0.00 800.00 21.50  0
  7  695 370.00  0.00 800.00 17.20  1
  8  695 400.00  0.00 800.00 26.00  1
  9  622 350.00  0.00 800.00 17.20  1
 10  840 470.00  0.00 800.00 26.00  0
 11  659 370.00  0.00 800.00 21.50  0
 12  567 320.00  0.00 800.00 12.90  1
 13  550 310.00  0.00 800.00 17.20  1
 14  695 390.00  0.00 800.00 21.50  1
 15  840 470.00  0.00 800.00 26.00  0
 16  677 380.00  0.00 800.00 21.50  1
 17  641 360.00  0.00 800.00 21.50  1
 18  659 370.00  0.00 800.00 21.50  1
 19  804 450.00  0.00 800.00 26.00  1
