trialNum matrixIndex leftValue leftTime rightValue rightTime choice
  0  128  80.00  0.00 800.00  1.00  1
  1  790 440.00  0.00 800.00 260.00  0
  2  679 380.00  0.00 800.00 52.00  0
  3  766 430.00  0.00 800.00 17.20  0
  4  658 370.00  0.00 800.00 17.20  0
  5  675 380.00  0.00 800.00 12.90  1
  6  676 380.00  0.00 800.00 17.20  0
  7  728 410.00  0.00 800.00 10.80  1
  8  657 370.00  0.00 800.00 12.90  1
  9  676 380.00  0.00 800.00 17.20  0
 10  675 380.00  0.00 800.00 12.90  1
 11  765 430.00  0.00 800.00 12.90  1
 12  694 390.00  0.00 800.00 17.20  0
 13  783 440.00  0.00 800.00 12.90  1
 14  783 430.00  0.00 800.00 17.20  0
 15  783 460.00  0.00 800.00 10.80  1
 16  676 380.00  0.00 800.00 17.20  0
 17  694 390.00  0.00 800.00 17.20  0
 18  801 450.00  0.00 800.00 12.90  0
 19  801 440.00  0.00 800.00 17.20  0
 20  801 450.00  0.00 800.00 17.20  0
 21  801 450.00  0.00 800.00 17.20  0
 22  801 470.00  0.00 800.00 17.20  0
 23  694 390.00  0.00 800.00 17.20  0
 24  694 400.00  0.00 800.00 12.90  1
 25  694 410.00  0.00 800.00 21.50  0
 26  694 390.00  0.00 800.00 12.90  1
 27  694 410.00  0.00 800.00 21.50  0
 28  694 400.00  0.00 800.00 21.50  0
 29  694 370.00  0.00 800.00 21.50  0
 30  694 400.00  0.00 800.00 21.50  0
 31  783 440.00  0.00 800.00 12.90  1
 32  694 370.00  0.00 800.00 21.50  0
 33  694 400.00  0.00 800.00 12.90  1
 34  783 440.00  0.00 800.00 12.90  1
 35  676 380.00  0.00 800.00 17.20  0
 36  783 440.00  0.00 800.00 10.80  1
 37  676 360.00  0.00 800.00 12.90  1
 38  676 390.00  0.00 800.00 12.90  1
 39  676 390.00  0.00 800.00 12.90  1
 40  676 400.00  0.00 800.00 21.50  0
 41  676 380.00  0.00 800.00 21.50  0
