  0 1224 690.00  0.00 800.00  0.43  1
  1  753 420.00  0.00 800.00 156.00  1
  2  971 540.00  0.00 800.00 520.00  1
  3 1223 680.00  0.00 800.00 520.00  0
  4 1115 620.00  0.00 800.00 520.00  0
  5 1043 580.00  0.00 800.00 520.00  0
  6  953 530.00  0.00 800.00 520.00  0
  7  845 470.00  0.00 800.00 520.00  0
  8  611 340.00  0.00 800.00 520.00  0
  9    1  10.00  0.00 800.00  0.71  1
 10  609 340.00  0.00 800.00 156.00  1
 11  610 340.00  0.00 800.00 260.00  1
 12  575 320.00  0.00 800.00 520.00  0
 13    6  10.00  0.00 800.00  6.44  1
 14  556 310.00  0.00 800.00 260.00  1
 15  628 350.00  0.00 800.00 260.00  1
 16  755 420.00  0.00 800.00 520.00  0
 17  646 360.00  0.00 800.00 260.00  0
 18  466 260.00  0.00 800.00 260.00  1
 19  791 440.00  0.00 800.00 520.00  0
