  0  258 150.00  0.00 800.00  6.44  0
  1  758 430.00  0.00 800.00  1.00  1
  2  615 350.00  0.00 800.00  2.00  1
  3  764 430.00  0.00 800.00 10.80  0
  4  670 380.00  0.00 800.00  3.00  1
  5 1418 790.00  0.00 800.00 104.00  0
  6 1419 790.00  0.00 800.00 156.00  0
  7 1418 770.00  0.00 800.00 52.00  0
  8  761 430.00  0.00 800.00  4.30  1
  9 1419 790.00  0.00 800.00 156.00  0
 10  799 450.00  0.00 800.00  8.60  0
 11  798 450.00  0.00 800.00  6.44  1
 12 1421 790.00  0.00 800.00 520.00  0
 13 1421 770.00  0.00 800.00 260.00  0
 14  799 450.00  0.00 800.00  8.60  0
 15  816 460.00  0.00 800.00  6.44  1
 16  907 510.00  0.00 800.00  8.60  0
 17  510 290.00  0.00 800.00  6.44  1
 18  907 520.00  0.00 800.00  6.44  1
 19  891 500.00  0.00 800.00 12.90  0
