trialNum matrixIndex leftValue leftTime rightValue rightTime choice
  0  284 160.00  0.00 800.00 104.00  1
  1  737 410.00  0.00 800.00 520.00  0
  2  716 400.00  0.00 800.00 104.00  0
  3  679 380.00  0.00 800.00 52.00  0
  4  822 460.00  0.00 800.00 26.00  1
  5  679 360.00  0.00 800.00 104.00  0
  6  679 400.00  0.00 800.00 104.00  0
  7  679 370.00  0.00 800.00 104.00  0
  8  679 400.00  0.00 800.00 26.00  1
  9  679 360.00  0.00 800.00 104.00  0
 10  679 400.00  0.00 800.00 104.00  0
 11  679 380.00  0.00 800.00 26.00  1
 12  679 380.00  0.00 800.00 26.00  1
 13  679 370.00  0.00 800.00 104.00  0
 14  679 360.00  0.00 800.00 104.00  0
 15  679 370.00  0.00 800.00 104.00  0
 16  679 370.00  0.00 800.00 26.00  1
 17  679 390.00  0.00 800.00 26.00  1
 18  679 380.00  0.00 800.00 104.00  0
 19  679 370.00  0.00 800.00 104.00  0
 20  679 370.00  0.00 800.00 26.00  1
 21  679 390.00  0.00 800.00 104.00  0
 22  679 390.00  0.00 800.00 26.00  0
 23  822 460.00  0.00 800.00 26.00  0
 24  840 470.00  0.00 800.00 26.00  0
 25  840 460.00  0.00 800.00 52.00  0
 26  840 470.00  0.00 800.00 52.00  0
 27  840 480.00  0.00 800.00 52.00  0
 28  840 470.00  0.00 800.00 21.50  0
 29  858 480.00  0.00 800.00 26.00  1
 30  858 500.00  0.00 800.00 52.00  0
 31  858 460.00  0.00 800.00 52.00  0
 32  858 470.00  0.00 800.00 52.00  0
 33  858 480.00  0.00 800.00 52.00  0
 34  858 490.00  0.00 800.00 52.00  0
 35  858 470.00  0.00 800.00 52.00  0
 36  840 470.00  0.00 800.00 26.00  0
 37  858 480.00  0.00 800.00 21.50  1
 38  858 480.00  0.00 800.00 52.00  0
 39  858 490.00  0.00 800.00 21.50  1
 40  840 470.00  0.00 800.00 26.00  1
 41  804 450.00  0.00 800.00 26.00  1
