  0  753 420.00  0.00 800.00 156.00  1
  1  971 540.00  0.00 800.00 520.00  0
  2  683 380.00  0.00 800.00 520.00  0
  3  754 420.00  0.00 800.00 260.00  0
  4  664 370.00  0.00 800.00 260.00  0
  5  735 410.00  0.00 800.00 156.00  0
  6  841 470.00  0.00 800.00 52.00  1
  7  753 420.00  0.00 800.00 156.00  0
  8  752 420.00  0.00 800.00 104.00  0
  9  697 390.00  0.00 800.00 52.00  1
 10  626 350.00  0.00 800.00 104.00  1
 11  662 370.00  0.00 800.00 104.00  1
 12  788 440.00  0.00 800.00 104.00  1
 13  627 350.00  0.00 800.00 156.00  1
 14  609 340.00  0.00 800.00 156.00  1
 15  807 450.00  0.00 800.00 156.00  1
 16  790 440.00  0.00 800.00 260.00  0
 17  861 480.00  0.00 800.00 156.00  0
 18  789 440.00  0.00 800.00 156.00  0
 19  807 450.00  0.00 800.00 156.00  0
