trialNum matrixIndex leftValue leftTime rightValue rightTime choice
  0  808 450.00  0.00 800.00 260.00  0
  1  769 430.00  0.00 800.00 52.00  1
  2  681 380.00  0.00 800.00 156.00  0
  3  716 400.00  0.00 800.00 104.00  0
  4  626 350.00  0.00 800.00 104.00  0
  5  751 420.00  0.00 800.00 52.00  1
  6  626 360.00  0.00 800.00 52.00  1
  7  626 350.00  0.00 800.00 52.00  1
  8  626 360.00  0.00 800.00 52.00  1
  9  626 340.00  0.00 800.00 52.00  1
 10  626 330.00  0.00 800.00 52.00  1
 11  626 350.00  0.00 800.00 52.00  1
 12  626 330.00  0.00 800.00 52.00  1
 13  626 350.00  0.00 800.00 156.00  1
 14  752 420.00  0.00 800.00 104.00  0
 15  608 340.00  0.00 800.00 104.00  0
 16  644 360.00  0.00 800.00 104.00  0
 17  644 380.00  0.00 800.00 52.00  1
 18  644 340.00  0.00 800.00 156.00  0
 19  644 360.00  0.00 800.00 52.00  1
 20  644 340.00  0.00 800.00 156.00  0
 21  644 340.00  0.00 800.00 156.00  0
 22  644 370.00  0.00 800.00 52.00  0
 23  698 390.00  0.00 800.00 104.00  0
 24  715 400.00  0.00 800.00 52.00  1
 25  698 410.00  0.00 800.00 52.00  1
 26  698 410.00  0.00 800.00 52.00  1
 27  698 390.00  0.00 800.00 52.00  1
 28  680 380.00  0.00 800.00 104.00  0
 29  698 400.00  0.00 800.00 52.00  1
 30  698 400.00  0.00 800.00 156.00  0
 31  680 380.00  0.00 800.00 104.00  0
 32  680 390.00  0.00 800.00 156.00  0
 33  680 380.00  0.00 800.00 156.00  0
 34  680 400.00  0.00 800.00 156.00  0
 35  680 390.00  0.00 800.00 156.00  0
 36  680 400.00  0.00 800.00 52.00  1
 37  680 370.00  0.00 800.00 52.00  1
 38  680 370.00  0.00 800.00 156.00  0
 39  680 380.00  0.00 800.00 52.00  1
 40  680 360.00  0.00 800.00 156.00  0
 41  680 370.00  0.00 800.00 156.00  0
