trialNum matrixIndex leftValue leftTime rightValue rightTime choice
  0  409 230.00  0.00 800.00 52.00  1
  1  737 410.00  0.00 800.00 520.00  0
  2  716 400.00  0.00 800.00 104.00  1
  3  700 390.00  0.00 800.00 260.00  0
  4  681 380.00  0.00 800.00 156.00  0
  5  716 400.00  0.00 800.00 104.00  0
  6  716 410.00  0.00 800.00 52.00  1
  7  716 400.00  0.00 800.00 52.00  1
  8  716 380.00  0.00 800.00 156.00  1
  9  825 460.00  0.00 800.00 156.00  0
 10  662 370.00  0.00 800.00 104.00  1
 11  717 400.00  0.00 800.00 156.00  0
 12  662 370.00  0.00 800.00 156.00  0
 13  680 380.00  0.00 800.00 104.00  1
 14  662 380.00  0.00 800.00 52.00  1
 15  680 380.00  0.00 800.00 156.00  0
 16  680 370.00  0.00 800.00 156.00  0
 17  680 400.00  0.00 800.00 52.00  1
 18  680 380.00  0.00 800.00 52.00  1
 19  698 390.00  0.00 800.00 104.00  0
 20  698 370.00  0.00 800.00 52.00  1
 21  698 380.00  0.00 800.00 52.00  1
 22  698 380.00  0.00 800.00 156.00  0
 23  698 370.00  0.00 800.00 156.00  0
 24  698 380.00  0.00 800.00 156.00  1
 25  680 380.00  0.00 800.00 104.00  1
 26  662 370.00  0.00 800.00 104.00  0
 27  698 390.00  0.00 800.00 104.00  0
 28  716 400.00  0.00 800.00 104.00  0
 29  752 420.00  0.00 800.00 104.00  0
 30  770 430.00  0.00 800.00 104.00  0
 31  806 450.00  0.00 800.00 104.00  0
 32  518 290.00  0.00 800.00 104.00  1
 33  806 470.00  0.00 800.00 156.00  0
 34  788 440.00  0.00 800.00 104.00  0
 35  518 290.00  0.00 800.00 104.00  1
 36  788 430.00  0.00 800.00 52.00  1
 37  788 450.00  0.00 800.00 156.00  0
 38  788 460.00  0.00 800.00 52.00  1
 39  788 440.00  0.00 800.00 52.00  0
 40  500 280.00  0.00 800.00 104.00  1
 41  500 270.00  0.00 800.00 156.00  0
