  0  658 370.00  0.00 800.00 17.20  1
  1  701 390.00  0.00 800.00 520.00  0
  2  698 390.00  0.00 800.00 104.00  0
  3  822 460.00  0.00 800.00 26.00  0
  4  784 440.00  0.00 800.00 17.20  0
  5  676 380.00  0.00 800.00 17.20  0
  6  799 450.00  0.00 800.00  8.60  1
  7  694 390.00  0.00 800.00 17.20  0
  8  728 410.00  0.00 800.00 10.80  1
  9  694 390.00  0.00 800.00 12.90  1
 10  694 380.00  0.00 800.00 12.90  1
 11  694 400.00  0.00 800.00 12.90  1
 12  694 380.00  0.00 800.00 21.50  0
 13  694 390.00  0.00 800.00 21.50  0
 14  694 400.00  0.00 800.00 21.50  0
 15  694 410.00  0.00 800.00 12.90  1
 16  694 400.00  0.00 800.00 12.90  1
 17  694 410.00  0.00 800.00 21.50  0
 18  694 400.00  0.00 800.00 12.90  1
 19  694 400.00  0.00 800.00 21.50  0
