  0 1349 750.00  0.00 800.00 520.00  0
  1  698 390.00  0.00 800.00 104.00  0
  2  745 420.00  0.00 800.00  8.60  0
  3  742 420.00  0.00 800.00  3.00  1
  4  654 370.00  0.00 800.00  6.44  1
  5  655 370.00  0.00 800.00  8.60  1
  6  674 380.00  0.00 800.00 10.80  1
  7  658 370.00  0.00 800.00 17.20  1
  8  768 430.00  0.00 800.00 26.00  1
  9  770 430.00  0.00 800.00 104.00  0
 10  769 430.00  0.00 800.00 52.00  1
 11    0  10.00  0.00 800.00  0.43  1
 12  842 470.00  0.00 800.00 104.00  0
 13  679 380.00  0.00 800.00 52.00  0
 14  679 380.00  0.00 800.00 104.00  0
 15  678 380.00  0.00 800.00 26.00  0
 16    0  10.00  0.00 800.00  0.43  1
 17  732 410.00  0.00 800.00 26.00  1
 18  606 340.00  0.00 800.00 26.00  1
 19  805 450.00  0.00 800.00 52.00  0
