  0 1129 630.00  0.00 800.00 52.00  1
  1 1043 580.00  0.00 800.00 520.00  0
  2  701 390.00  0.00 800.00 520.00  0
  3  754 420.00  0.00 800.00 260.00  0
  4  664 370.00  0.00 800.00 260.00  0
  5  735 410.00  0.00 800.00 156.00  0
  6  680 380.00  0.00 800.00 104.00  0
  7  696 390.00  0.00 800.00 26.00  1
  8  607 340.00  0.00 800.00 52.00  0
  9    0  10.00  0.00 800.00  0.43  1
 10    0  10.00  0.00 800.00  0.71  1
 11  569 320.00  0.00 800.00 21.50  1
 12  607 340.00  0.00 800.00 52.00  0
 13    0  10.00  0.00 800.00  0.43  1
 14  642 360.00  0.00 800.00 26.00  1
 15  660 370.00  0.00 800.00 26.00  1
 16  841 470.00  0.00 800.00 52.00  0
 17  642 360.00  0.00 800.00 26.00  1
 18  877 490.00  0.00 800.00 52.00  0
 19  859 480.00  0.00 800.00 52.00  0
