  0  356 200.00  0.00 800.00 104.00  1
  1  701 390.00  0.00 800.00 520.00  0
  2  663 370.00  0.00 800.00 156.00  0
  3  769 430.00  0.00 800.00 52.00  0
  4  661 370.00  0.00 800.00 52.00  0
  5  804 450.00  0.00 800.00 26.00  0
  6  819 460.00  0.00 800.00 12.90  1
  7  714 400.00  0.00 800.00 26.00  0
  8  729 410.00  0.00 800.00 12.90  1
  9  677 380.00  0.00 800.00 21.50  0
 10  639 360.00  0.00 800.00 12.90  1
 11  586 330.00  0.00 800.00 17.20  1
 12  713 400.00  0.00 800.00 21.50  0
 13  586 320.00  0.00 800.00 12.90  1
 14  731 410.00  0.00 800.00 21.50  1
 15  695 390.00  0.00 800.00 21.50  1
 16  840 470.00  0.00 800.00 26.00  0
 17  659 370.00  0.00 800.00 21.50  0
 18  568 320.00  0.00 800.00 17.20  1
 19  713 400.00  0.00 800.00 21.50  0
