  0   52  30.00  0.00 800.00 260.00  1
  1  754 420.00  0.00 800.00 260.00  0
  2  661 370.00  0.00 800.00 52.00  0
  3  694 390.00  0.00 800.00 17.20  0
  4  744 420.00  0.00 800.00  6.44  0
  5  742 420.00  0.00 800.00  3.00  1
  6  654 370.00  0.00 800.00  6.44  1
  7  762 430.00  0.00 800.00  6.44  0
  8  636 360.00  0.00 800.00  6.44  1
  9  673 380.00  0.00 800.00  8.60  1
 10  655 370.00  0.00 800.00  8.60  1
 11  764 430.00  0.00 800.00 10.80  0
 12  637 360.00  0.00 800.00  8.60  1
 13  728 410.00  0.00 800.00 10.80  0
 14  726 410.00  0.00 800.00  6.44  0
 15  744 420.00  0.00 800.00  6.44  0
 16  635 360.00  0.00 800.00  4.30  1
 17  780 440.00  0.00 800.00  6.44  0
 18  798 450.00  0.00 800.00  6.44  0
 19  798 440.00  0.00 800.00  4.30  1
