trialNum matrixIndex leftValue leftTime rightValue rightTime choice
  0  579 330.00  0.00 800.00  2.00  1
  1  663 370.00  0.00 800.00 156.00  1
  2  971 540.00  0.00 800.00 520.00  0
  3  844 470.00  0.00 800.00 260.00  0
  4  664 370.00  0.00 800.00 260.00  0
  5  753 420.00  0.00 800.00 156.00  0
  6  788 440.00  0.00 800.00 104.00  0
  7  841 470.00  0.00 800.00 52.00  1
  8  788 420.00  0.00 800.00 52.00  1
  9  788 420.00  0.00 800.00 156.00  0
 10  645 360.00  0.00 800.00 156.00  0
 11  680 380.00  0.00 800.00 104.00  0
 12  787 440.00  0.00 800.00 52.00  0
 13  589 330.00  0.00 800.00 52.00  1
 14  643 360.00  0.00 800.00 52.00  1
 15  679 380.00  0.00 800.00 52.00  1
 16  554 310.00  0.00 800.00 104.00  1
 17  770 430.00  0.00 800.00 104.00  0
 18  572 320.00  0.00 800.00 104.00  0
 19  661 370.00  0.00 800.00 52.00  1
