trialNum matrixIndex leftValue leftTime rightValue rightTime choice
  0  301 170.00  0.00 800.00 52.00  0
  1  675 380.00  0.00 800.00 12.90  1
  2  676 380.00  0.00 800.00 17.20  1
  3  806 450.00  0.00 800.00 104.00  0
  4  768 430.00  0.00 800.00 26.00  0
  5  767 430.00  0.00 800.00 21.50  0
  6  658 370.00  0.00 800.00 17.20  1
  7  731 410.00  0.00 800.00 21.50  0
  8  747 420.00  0.00 800.00 12.90  1
  9  713 400.00  0.00 800.00 21.50  0
 10  640 360.00  0.00 800.00 17.20  1
 11  713 420.00  0.00 800.00 26.00  0
 12  713 420.00  0.00 800.00 26.00  0
 13  784 440.00  0.00 800.00 17.20  1
 14  713 400.00  0.00 800.00 26.00  0
 15  713 380.00  0.00 800.00 26.00  0
 16  713 420.00  0.00 800.00 17.20  1
 17  784 440.00  0.00 800.00 17.20  1
 18  677 380.00  0.00 800.00 21.50  0
 19  784 440.00  0.00 800.00 12.90  1
 20  695 390.00  0.00 800.00 21.50  0
 21  713 400.00  0.00 800.00 21.50  0
 22  731 410.00  0.00 800.00 21.50  0
 23  749 420.00  0.00 800.00 21.50  0
 24  749 400.00  0.00 800.00 17.20  1
 25  731 410.00  0.00 800.00 21.50  0
 26  731 410.00  0.00 800.00 26.00  0
 27  731 430.00  0.00 800.00 26.00  0
 28  731 420.00  0.00 800.00 17.20  1
 29  802 450.00  0.00 800.00 17.20  0
 30  731 390.00  0.00 800.00 17.20  1
 31  802 460.00  0.00 800.00 21.50  0
 32  713 400.00  0.00 800.00 21.50  0
 33  802 440.00  0.00 800.00 12.90  1
 34  731 410.00  0.00 800.00 21.50  0
 35  731 420.00  0.00 800.00 17.20  1
 36  731 420.00  0.00 800.00 17.20  1
 37  713 400.00  0.00 800.00 21.50  0
 38  802 450.00  0.00 800.00 17.20  0
 39  731 410.00  0.00 800.00 21.50  0
 40  731 420.00  0.00 800.00 17.20  1
 41  731 390.00  0.00 800.00 17.20  1
