  0  765 430.00  0.00 800.00 12.90  0
  1  742 420.00  0.00 800.00  3.00  0
  2  687 390.00  0.00 800.00  2.00  1
  3  652 370.00  0.00 800.00  3.00  1
  4  760 430.00  0.00 800.00  3.00  1
  5  672 380.00  0.00 800.00  6.44  1
  6  986 550.00  0.00 800.00 104.00  1
  7    0  10.00  0.00 800.00  0.43  1
  8    0  10.00  0.00 800.00  0.71  1
  9    0  10.00  0.00 800.00  0.71  1
 10  591 330.00  0.00 800.00 156.00  1
 11    3  10.00  0.00 800.00  2.00  1
 12  701 390.00  0.00 800.00 520.00  0
 13    0  10.00  0.00 800.00  0.43  1
 14  682 380.00  0.00 800.00 260.00  0
 15  643 360.00  0.00 800.00 52.00  1
 16    0  10.00  0.00 800.00  0.43  1
 17  717 400.00  0.00 800.00 156.00  1
 18  790 440.00  0.00 800.00 260.00  0
 19  645 360.00  0.00 800.00 156.00  1
