  0 1314 740.00  0.00 800.00  0.43  0
  1  652 370.00  0.00 800.00  3.00  0
  2  597 340.00  0.00 800.00  2.00  0
  3  758 430.00  0.00 800.00  1.00  0
  4  776 440.00  0.00 800.00  1.00  0
  5  776 450.00  0.00 800.00  0.71  0
  6  835 470.00  0.00 800.00  8.60  0
  7  651 370.00  0.00 800.00  2.00  0
  8  794 450.00  0.00 800.00  1.00  0
  9  794 440.00  0.00 800.00  2.00  0
 10  776 440.00  0.00 800.00  1.00  0
 11  776 430.00  0.00 800.00  0.71  1
 12  883 500.00  0.00 800.00  0.71  1
 13  812 460.00  0.00 800.00  1.00  0
 14  812 440.00  0.00 800.00  0.71  0
 15  651 370.00  0.00 800.00  2.00  0
 16  830 470.00  0.00 800.00  1.00  0
 17  937 530.00  0.00 800.00  0.71  0
 18  937 510.00  0.00 800.00  0.43  0
 19  902 510.00  0.00 800.00  1.00  0
