  0 1263 710.00  0.00 800.00  2.00  1
  1  701 390.00  0.00 800.00 520.00  0
  2  698 390.00  0.00 800.00 104.00  1
  3  664 370.00  0.00 800.00 260.00  1
  4  754 420.00  0.00 800.00 260.00  1
  5  844 470.00  0.00 800.00 260.00  1
  6  701 390.00  0.00 800.00 520.00  0
  7  593 330.00  0.00 800.00 520.00  0
  8  611 340.00  0.00 800.00 520.00  0
  9  611 350.00  0.00 800.00 260.00  0
 10    9  10.00  0.00 800.00 12.90  1
 11    7  10.00  0.00 800.00  8.60  1
 12    7  30.00  0.00 800.00  6.44  1
 13  538 300.00  0.00 800.00 260.00  1
 14  556 310.00  0.00 800.00 260.00  1
 15  719 400.00  0.00 800.00 520.00  0
 16  628 350.00  0.00 800.00 260.00  1
 17  736 410.00  0.00 800.00 260.00  1
 18  916 510.00  0.00 800.00 260.00  1
 19  827 460.00  0.00 800.00 520.00  1
