  0   86  50.00  0.00 800.00 104.00  1
  1  664 370.00  0.00 800.00 260.00  0
  2  822 460.00  0.00 800.00 26.00  0
  3  783 440.00  0.00 800.00 12.90  1
  4  785 440.00  0.00 800.00 21.50  0
  5  695 390.00  0.00 800.00 21.50  0
  6  676 380.00  0.00 800.00 17.20  1
  7  713 400.00  0.00 800.00 21.50  0
  8  676 370.00  0.00 800.00 21.50  0
  9  676 370.00  0.00 800.00 12.90  1
 10  676 370.00  0.00 800.00 21.50  0
 11  676 400.00  0.00 800.00 12.90  0
 12  656 370.00  0.00 800.00 10.80  1
 13  694 390.00  0.00 800.00 17.20  0
 14  692 390.00  0.00 800.00 10.80  1
 15  712 400.00  0.00 800.00 17.20  0
 16  639 360.00  0.00 800.00 12.90  1
 17  712 380.00  0.00 800.00 12.90  1
 18  712 410.00  0.00 800.00 12.90  1
 19  712 420.00  0.00 800.00 21.50  0
