  0 1293 720.00  0.00 800.00 156.00  1
  1 1223 680.00  0.00 800.00 520.00  0
  2 1115 620.00  0.00 800.00 520.00  0
  3 1043 580.00  0.00 800.00 520.00  0
  4  935 520.00  0.00 800.00 520.00  0
  5  808 450.00  0.00 800.00 260.00  0
  6    0  10.00  0.00 800.00  0.43  1
  7  535 300.00  0.00 800.00 52.00  0
  8    0  10.00  0.00 800.00  0.71  1
  9    0  30.00  0.00 800.00  0.71  1
 10  714 400.00  0.00 800.00 26.00  0
 11 1421 790.00  0.00 800.00 520.00  0
 12  727 410.00  0.00 800.00  8.60  0
 13 1421 790.00  0.00 800.00 260.00  0
 14  743 420.00  0.00 800.00  4.30  1
 15  744 420.00  0.00 800.00  6.44  1
 16  747 420.00  0.00 800.00 12.90  0
 17  727 410.00  0.00 800.00  8.60  0
 18  707 400.00  0.00 800.00  4.30  1
 19 1421 790.00  0.00 800.00 520.00  0
