  0  354 200.00  0.00 800.00 26.00  1
  1  754 420.00  0.00 800.00 260.00  0
  2  679 380.00  0.00 800.00 52.00  1
  3  645 360.00  0.00 800.00 156.00  0
  4  608 340.00  0.00 800.00 104.00  1
  5  698 390.00  0.00 800.00 104.00  1
  6  663 370.00  0.00 800.00 156.00  0
  7  698 370.00  0.00 800.00 156.00  0
  8  698 410.00  0.00 800.00 52.00  1
  9  698 400.00  0.00 800.00 52.00  1
 10  698 410.00  0.00 800.00 156.00  0
 11  698 410.00  0.00 800.00 52.00  1
 12  698 380.00  0.00 800.00 156.00  1
 13  681 380.00  0.00 800.00 156.00  1
 14  663 370.00  0.00 800.00 156.00  1
 15  627 350.00  0.00 800.00 156.00  1
 16  609 340.00  0.00 800.00 156.00  1
 17  843 470.00  0.00 800.00 156.00  0
 18  627 350.00  0.00 800.00 156.00  1
 19  807 450.00  0.00 800.00 156.00  0
