trialNum matrixIndex leftValue leftTime rightValue rightTime choice
  0  311 180.00  0.00 800.00  4.30  1
  1  647 360.00  0.00 800.00 520.00  0
  2  769 430.00  0.00 800.00 52.00  1
  3  771 430.00  0.00 800.00 156.00  0
  4  716 400.00  0.00 800.00 104.00  0
  5  626 350.00  0.00 800.00 104.00  0
  6  751 420.00  0.00 800.00 52.00  1
  7  626 330.00  0.00 800.00 156.00  0
  8  626 370.00  0.00 800.00 156.00  0
  9  626 360.00  0.00 800.00 52.00  1
 10  626 370.00  0.00 800.00 156.00  0
 11  626 350.00  0.00 800.00 52.00  1
 12  626 350.00  0.00 800.00 52.00  1
 13  626 340.00  0.00 800.00 52.00  1
 14  626 360.00  0.00 800.00 52.00  1
 15  626 340.00  0.00 800.00 156.00  0
 16  626 330.00  0.00 800.00 52.00  1
 17  626 360.00  0.00 800.00 156.00  0
 18  626 340.00  0.00 800.00 52.00  1
 19  626 360.00  0.00 800.00 156.00  0
 20  626 360.00  0.00 800.00 156.00  0
 21  626 330.00  0.00 800.00 156.00  0
 22  626 360.00  0.00 800.00 52.00  1
 23  626 330.00  0.00 800.00 52.00  1
 24  626 340.00  0.00 800.00 156.00  0
 25  626 350.00  0.00 800.00 156.00  0
 26  626 350.00  0.00 800.00 156.00  0
 27  626 360.00  0.00 800.00 156.00  0
 28  626 370.00  0.00 800.00 52.00  1
 29  626 330.00  0.00 800.00 156.00  0
 30  626 350.00  0.00 800.00 52.00  1
 31  626 340.00  0.00 800.00 52.00  1
 32  626 350.00  0.00 800.00 52.00  1
 33  626 340.00  0.00 800.00 156.00  0
 34  626 330.00  0.00 800.00 52.00  1
 35  626 330.00  0.00 800.00 52.00  1
 36  626 350.00  0.00 800.00 52.00  1
 37  626 370.00  0.00 800.00 52.00  1
 38  626 340.00  0.00 800.00 156.00  0
 39  626 330.00  0.00 800.00 156.00  0
 40  626 330.00  0.00 800.00 156.00  0
 41  626 370.00  0.00 800.00 52.00  1
