  0  170 100.00  0.00 800.00 10.80  1
  1  645 360.00  0.00 800.00 156.00  0
  2  693 390.00  0.00 800.00 12.90  1
  3  822 460.00  0.00 800.00 26.00  0
  4  695 390.00  0.00 800.00 21.50  1
  5  732 410.00  0.00 800.00 26.00  0
  6  695 400.00  0.00 800.00 26.00  0
  7  695 390.00  0.00 800.00 26.00  0
  8  695 410.00  0.00 800.00 26.00  0
  9  695 390.00  0.00 800.00 17.20  0
 10  729 410.00  0.00 800.00 12.90  0
 11  673 380.00  0.00 800.00  8.60  0
 12  653 370.00  0.00 800.00  4.30  1
 13  546 310.00  0.00 800.00  6.44  1
 14  654 370.00  0.00 800.00  6.44  0
 15 1421 790.00  0.00 800.00 520.00  0
 16  635 360.00  0.00 800.00  4.30  0
 17 1421 780.00  0.00 800.00 260.00  0
 18  563 320.00  0.00 800.00  4.30  0
 19 1421 770.00  0.00 800.00 260.00  0
