trialNum matrixIndex leftValue leftTime rightValue rightTime choice
  0  517 290.00  0.00 800.00 52.00  1
  1  791 440.00  0.00 800.00 520.00  0
  2  645 360.00  0.00 800.00 156.00  0
  3  769 430.00  0.00 800.00 52.00  0
  4  661 370.00  0.00 800.00 52.00  1
  5  769 440.00  0.00 800.00 26.00  1
  6  769 440.00  0.00 800.00 26.00  1
  7  769 410.00  0.00 800.00 26.00  1
  8  769 430.00  0.00 800.00 26.00  1
  9  769 410.00  0.00 800.00 26.00  1
 10  769 420.00  0.00 800.00 104.00  0
 11  769 450.00  0.00 800.00 26.00  1
 12  769 410.00  0.00 800.00 26.00  1
 13  769 430.00  0.00 800.00 26.00  1
 14  769 430.00  0.00 800.00 26.00  1
 15  769 450.00  0.00 800.00 104.00  0
 16  769 420.00  0.00 800.00 104.00  0
 17  769 430.00  0.00 800.00 104.00  0
 18  769 420.00  0.00 800.00 26.00  1
 19  769 450.00  0.00 800.00 104.00  0
