  0  397 230.00  0.00 800.00  0.71  0
  1    0  10.00  0.00 800.00  0.43  1
  2    0  10.00  0.00 800.00  0.43  1
  3    0  10.00  0.00 800.00  0.43  1
  4    0  20.00  0.00 800.00  0.71  1
  5    0  10.00  0.00 800.00  0.71  1
  6  805 450.00  0.00 800.00 52.00  1
  7    0  10.00  0.00 800.00  0.71  1
  8    0  10.00  0.00 800.00  0.71  1
  9  683 380.00  0.00 800.00 520.00  0
 10  570 320.00  0.00 800.00 26.00  1
 11  754 420.00  0.00 800.00 260.00  0
 12  589 330.00  0.00 800.00 52.00  1
 13  699 390.00  0.00 800.00 156.00  0
 14    0  10.00  0.00 800.00  0.43  1
 15  698 390.00  0.00 800.00 104.00  0
 16  607 340.00  0.00 800.00 52.00  1
 17  680 380.00  0.00 800.00 104.00  0
 18  697 390.00  0.00 800.00 52.00  1
 19  680 380.00  0.00 800.00 156.00  0
