trialNum matrixIndex leftValue leftTime rightValue rightTime choice
  0  931 520.00  0.00 800.00 52.00  1
  1  971 540.00  0.00 800.00 520.00  0
  2  844 470.00  0.00 800.00 260.00  0
  3  753 420.00  0.00 800.00 156.00  0
  4  645 360.00  0.00 800.00 156.00  1
  5  753 420.00  0.00 800.00 260.00  0
  6  788 440.00  0.00 800.00 104.00  1
  7  753 430.00  0.00 800.00 260.00  0
  8  753 400.00  0.00 800.00 260.00  0
  9  753 420.00  0.00 800.00 104.00  1
 10  753 430.00  0.00 800.00 260.00  0
 11  753 440.00  0.00 800.00 260.00  0
 12  753 420.00  0.00 800.00 260.00  0
 13  753 400.00  0.00 800.00 104.00  1
 14  753 430.00  0.00 800.00 260.00  0
 15  753 430.00  0.00 800.00 260.00  0
 16  753 430.00  0.00 800.00 104.00  1
 17  753 410.00  0.00 800.00 260.00  0
 18  753 400.00  0.00 800.00 260.00  0
 19  753 420.00  0.00 800.00 260.00  0
