  0  931 520.00  0.00 800.00 52.00  1
  1  971 540.00  0.00 800.00 520.00  0
  2  844 470.00  0.00 800.00 260.00  0
  3  753 420.00  0.00 800.00 156.00  1
  4  754 420.00  0.00 800.00 260.00  0
  5  664 370.00  0.00 800.00 260.00  0
  6  735 410.00  0.00 800.00 156.00  1
  7  664 370.00  0.00 800.00 156.00  1
  8  664 370.00  0.00 800.00 520.00  0
  9  664 380.00  0.00 800.00 156.00  1
 10  664 360.00  0.00 800.00 156.00  1
 11  664 360.00  0.00 800.00 156.00  1
 12  664 380.00  0.00 800.00 520.00  0
 13  664 350.00  0.00 800.00 156.00  1
 14  664 370.00  0.00 800.00 520.00  0
 15  664 360.00  0.00 800.00 156.00  1
 16  664 380.00  0.00 800.00 156.00  1
 17  664 360.00  0.00 800.00 520.00  0
 18  664 350.00  0.00 800.00 156.00  1
 19  664 360.00  0.00 800.00 520.00  0
