  0  712 400.00  0.00 800.00 17.20  0
  1  707 400.00  0.00 800.00  4.30  1
  2  656 370.00  0.00 800.00 10.80  1
  3  693 390.00  0.00 800.00 12.90  1
  4  694 390.00  0.00 800.00 17.20  1
  5  499 280.00  0.00 800.00 52.00  0
  6  676 380.00  0.00 800.00 17.20  1
  7  731 410.00  0.00 800.00 21.50  1
  8  679 380.00  0.00 800.00 52.00  0
  9  786 440.00  0.00 800.00 26.00  0
 10  713 400.00  0.00 800.00 21.50  1
 11  840 470.00  0.00 800.00 26.00  0
 12  677 380.00  0.00 800.00 21.50  1
 13  786 440.00  0.00 800.00 26.00  0
 14  659 370.00  0.00 800.00 21.50  1
 15  786 420.00  0.00 800.00 21.50  1
 16  786 450.00  0.00 800.00 21.50  1
 17  768 430.00  0.00 800.00 26.00  0
 18  768 430.00  0.00 800.00 21.50  1
 19  768 420.00  0.00 800.00 21.50  1
