  0  825 460.00  0.00 800.00 156.00  1
  1  971 540.00  0.00 800.00 520.00  0
  2  701 390.00  0.00 800.00 520.00  0
  3  754 420.00  0.00 800.00 260.00  0
  4  646 360.00  0.00 800.00 260.00  0
  5  788 440.00  0.00 800.00 104.00  0
  6  714 400.00  0.00 800.00 26.00  0
  7 1421 790.00  0.00 800.00 520.00  0
  8  727 410.00  0.00 800.00  8.60  1
  9    0  10.00  0.00 800.00  0.43  1
 10  695 390.00  0.00 800.00 21.50  0
 11 1421 790.00  0.00 800.00 520.00  0
 12  656 370.00  0.00 800.00 10.80  1
 13  748 420.00  0.00 800.00 17.20  1
 14  786 440.00  0.00 800.00 26.00  0
 15  658 370.00  0.00 800.00 17.20  1
 16  876 490.00  0.00 800.00 26.00  0
 17  822 460.00  0.00 800.00 26.00  0
 18  532 300.00  0.00 800.00 17.20  1
 19  858 480.00  0.00 800.00 26.00  0
