  0  432 250.00  0.00 800.00  0.43  1
  1  698 390.00  0.00 800.00 104.00  0
  2  656 370.00  0.00 800.00 10.80  0
  3  742 420.00  0.00 800.00  3.00  0
  4  687 390.00  0.00 800.00  2.00  0
  5  597 340.00  0.00 800.00  2.00  0
  6  758 430.00  0.00 800.00  1.00  0
  7  758 440.00  0.00 800.00  0.71  0
  8  848 480.00  0.00 800.00  1.00  0
  9  812 460.00  0.00 800.00  1.00  0
 10  794 450.00  0.00 800.00  1.00  0
 11  812 460.00  0.00 800.00  0.71  0
 12  812 480.00  0.00 800.00  0.71  0
 13  794 450.00  0.00 800.00  1.00  0
 14  794 440.00  0.00 800.00  2.00  0
 15  794 430.00  0.00 800.00  2.00  0
 16  543 310.00  0.00 800.00  2.00  0
 17  776 440.00  0.00 800.00  1.00  0
 18  776 440.00  0.00 800.00  2.00  0
 19 1062 600.00  0.00 800.00  0.43  0
