trialNum matrixIndex leftValue leftTime rightValue rightTime choice
  0   64  40.00  0.00 800.00 17.20  1
  1  790 440.00  0.00 800.00 260.00  1
  2 1097 610.00  0.00 800.00 520.00  1
  3 1259 700.00  0.00 800.00 520.00  0
  4 1169 650.00  0.00 800.00 520.00  1
  5 1223 680.00  0.00 800.00 520.00  0
  6 1223 700.00  0.00 800.00 260.00  0
  7 1169 650.00  0.00 800.00 520.00  1
  8 1277 710.00  0.00 800.00 520.00  0
  9 1133 630.00  0.00 800.00 520.00  1
 10 1259 700.00  0.00 800.00 520.00  0
 11 1133 640.00  0.00 800.00 260.00  1
 12 1133 620.00  0.00 800.00 260.00  1
 13 1151 640.00  0.00 800.00 520.00  1
 14 1241 690.00  0.00 800.00 520.00  1
 15 1241 710.00  0.00 800.00 260.00  0
 16 1295 720.00  0.00 800.00 520.00  0
 17 1277 710.00  0.00 800.00 520.00  0
 18 1259 700.00  0.00 800.00 520.00  0
 19 1259 690.00  0.00 800.00 260.00  1
 20 1259 720.00  0.00 800.00 260.00  0
 21 1115 620.00  0.00 800.00 520.00  1
 22 1259 710.00  0.00 800.00 260.00  0
 23 1115 620.00  0.00 800.00 260.00  1
 24 1115 610.00  0.00 800.00 260.00  1
 25 1133 630.00  0.00 800.00 520.00  1
 26 1259 700.00  0.00 800.00 520.00  1
 27 1295 720.00  0.00 800.00 520.00  0
 28 1277 710.00  0.00 800.00 520.00  0
 29 1277 710.00  0.00 800.00 260.00  0
 30 1295 720.00  0.00 800.00 520.00  0
 31 1097 610.00  0.00 800.00 520.00  1
 32 1277 710.00  0.00 800.00 520.00  0
 33 1277 710.00  0.00 800.00 260.00  0
 34 1097 610.00  0.00 800.00 520.00  1
 35 1115 620.00  0.00 800.00 520.00  1
 36 1097 620.00  0.00 800.00 260.00  1
 37 1277 710.00  0.00 800.00 520.00  0
 38 1277 700.00  0.00 800.00 260.00  0
 39 1115 620.00  0.00 800.00 520.00  1
 40 1115 610.00  0.00 800.00 260.00  1
 41 1115 630.00  0.00 800.00 260.00  1
