  0  440 250.00  0.00 800.00 10.80  0
  1  705 400.00  0.00 800.00  2.00  1
  2  742 420.00  0.00 800.00  3.00  1
  3  707 400.00  0.00 800.00  4.30  1
  4  672 380.00  0.00 800.00  6.44  1
  5  660 370.00  0.00 800.00 26.00  0
  6  728 410.00  0.00 800.00 10.80  1
  7 1421 790.00  0.00 800.00 520.00  0
  8 1421 770.00  0.00 800.00 260.00  0
  9  839 470.00  0.00 800.00 21.50  0
 10  837 470.00  0.00 800.00 12.90  0
 11  873 490.00  0.00 800.00 12.90  0
 12  709 400.00  0.00 800.00  8.60  1
 13  819 460.00  0.00 800.00 12.90  0
 14  674 380.00  0.00 800.00 10.80  1
 15  583 330.00  0.00 800.00  8.60  1
 16  837 470.00  0.00 800.00 12.90  0
 17  656 370.00  0.00 800.00 10.80  1
 18  819 460.00  0.00 800.00 12.90  0
 19  584 330.00  0.00 800.00 10.80  1
