trialNum matrixIndex leftValue leftTime rightValue rightTime choice
  0  374 210.00  0.00 800.00 104.00  1
  1  845 470.00  0.00 800.00 520.00  0
  2  771 430.00  0.00 800.00 156.00  0
  3  626 350.00  0.00 800.00 104.00  0
  4  679 380.00  0.00 800.00 52.00  1
  5  769 430.00  0.00 800.00 52.00  1
  6  626 350.00  0.00 800.00 104.00  0
  7  751 420.00  0.00 800.00 52.00  1
  8  626 350.00  0.00 800.00 156.00  0
  9  626 340.00  0.00 800.00 156.00  0
 10  626 360.00  0.00 800.00 52.00  1
 11  626 330.00  0.00 800.00 52.00  1
 12  769 430.00  0.00 800.00 52.00  1
 13  626 350.00  0.00 800.00 52.00  1
 14  626 370.00  0.00 800.00 52.00  1
 15  626 360.00  0.00 800.00 156.00  0
 16  626 350.00  0.00 800.00 156.00  0
 17  626 360.00  0.00 800.00 156.00  0
 18  626 370.00  0.00 800.00 156.00  0
 19  626 330.00  0.00 800.00 52.00  1
 20  859 480.00  0.00 800.00 52.00  1
 21  626 360.00  0.00 800.00 156.00  0
 22  626 330.00  0.00 800.00 52.00  1
 23  626 330.00  0.00 800.00 52.00  1
 24  626 350.00  0.00 800.00 156.00  0
 25  626 330.00  0.00 800.00 52.00  1
 26  626 370.00  0.00 800.00 52.00  1
 27  626 370.00  0.00 800.00 52.00  1
 28  626 370.00  0.00 800.00 156.00  0
 29  626 360.00  0.00 800.00 156.00  0
 30  626 370.00  0.00 800.00 52.00  1
 31  626 350.00  0.00 800.00 52.00  1
 32  626 340.00  0.00 800.00 156.00  0
 33  626 370.00  0.00 800.00 156.00  0
 34  626 330.00  0.00 800.00 156.00  0
 35  626 330.00  0.00 800.00 52.00  1
 36  626 370.00  0.00 800.00 156.00  0
 37  626 370.00  0.00 800.00 52.00  1
 38  626 370.00  0.00 800.00 52.00  1
 39  626 360.00  0.00 800.00 52.00  1
 40  626 330.00  0.00 800.00 52.00  1
 41  626 330.00  0.00 800.00 156.00  0
