trialNum matrixIndex leftValue leftTime rightValue rightTime choice
  0  588 330.00  0.00 800.00 26.00  1
  1  683 380.00  0.00 800.00 520.00  0
  2  698 390.00  0.00 800.00 104.00  0
  3  661 370.00  0.00 800.00 52.00  0
  4  732 410.00  0.00 800.00 26.00  1
  5  822 460.00  0.00 800.00 26.00  1
  6  679 380.00  0.00 800.00 52.00  0
  7  804 450.00  0.00 800.00 26.00  1
  8  679 360.00  0.00 800.00 104.00  0
  9  804 470.00  0.00 800.00 21.50  1
 10  679 380.00  0.00 800.00 26.00  1
 11  679 370.00  0.00 800.00 26.00  1
 12  679 360.00  0.00 800.00 104.00  0
 13  679 370.00  0.00 800.00 26.00  1
 14  679 360.00  0.00 800.00 26.00  1
 15  679 400.00  0.00 800.00 104.00  0
 16  679 360.00  0.00 800.00 104.00  0
 17  679 390.00  0.00 800.00 104.00  0
 18  679 370.00  0.00 800.00 26.00  1
 19  679 370.00  0.00 800.00 104.00  0
