  0 1309 730.00  0.00 800.00 52.00  1
  1 1115 620.00  0.00 800.00 520.00  0
  2  881 490.00  0.00 800.00 520.00  0
  3  791 440.00  0.00 800.00 520.00  0
  4  683 380.00  0.00 800.00 520.00  0
  5  808 450.00  0.00 800.00 260.00  0
  6  735 410.00  0.00 800.00 156.00  0
  7  643 360.00  0.00 800.00 52.00  0
  8    0  10.00  0.00 800.00  0.43  1
  9    0  10.00  0.00 800.00  0.71  1
 10  658 370.00  0.00 800.00 17.20  1
 11  643 360.00  0.00 800.00 52.00  0
 12    0  10.00  0.00 800.00  0.43  1
 13  624 350.00  0.00 800.00 26.00  1
 14  679 380.00  0.00 800.00 52.00  0
 15  642 360.00  0.00 800.00 26.00  1
 16  787 440.00  0.00 800.00 52.00  0
 17  624 350.00  0.00 800.00 26.00  1
 18  841 470.00  0.00 800.00 52.00  0
 19  606 340.00  0.00 800.00 26.00  1
