trialNum matrixIndex leftValue leftTime rightValue rightTime choice
  0  988 550.00  0.00 800.00 260.00  0
  1  695 390.00  0.00 800.00 21.50  1
  2  698 390.00  0.00 800.00 104.00  0
  3  679 380.00  0.00 800.00 52.00  1
  4  608 340.00  0.00 800.00 104.00  0
  5  769 430.00  0.00 800.00 52.00  1
  6  626 350.00  0.00 800.00 104.00  0
  7  751 420.00  0.00 800.00 52.00  1
  8  751 410.00  0.00 800.00 104.00  0
  9  626 350.00  0.00 800.00 104.00  0
 10  751 420.00  0.00 800.00 104.00  0
 11  751 410.00  0.00 800.00 104.00  0
 12  751 410.00  0.00 800.00 26.00  1
 13  751 420.00  0.00 800.00 104.00  0
 14  751 440.00  0.00 800.00 104.00  0
 15  769 430.00  0.00 800.00 52.00  1
 16  608 340.00  0.00 800.00 104.00  0
 17  769 410.00  0.00 800.00 26.00  1
 18  769 430.00  0.00 800.00 104.00  0
 19  769 440.00  0.00 800.00 104.00  0
