  0   95  60.00  0.00 800.00  4.30  1
  1  698 390.00  0.00 800.00 104.00  0
  2  655 370.00  0.00 800.00  8.60  0
  3  652 370.00  0.00 800.00  3.00  1
  4  707 400.00  0.00 800.00  4.30  0
  5  742 420.00  0.00 800.00  3.00  0
  6  777 440.00  0.00 800.00  2.00  1
  7  742 430.00  0.00 800.00  4.30  0
  8  742 400.00  0.00 800.00  2.00  0
  9  597 340.00  0.00 800.00  2.00  1
 10  579 330.00  0.00 800.00  2.00  1
 11  652 370.00  0.00 800.00  3.00  1
 12  832 470.00  0.00 800.00  3.00  1
 13 1418 790.00  0.00 800.00 104.00  0
 14  923 520.00  0.00 800.00  4.30  0
 15  887 500.00  0.00 800.00  4.30  0
 16  797 450.00  0.00 800.00  4.30  0
 17  562 320.00  0.00 800.00  3.00  1
 18  760 430.00  0.00 800.00  3.00  0
 19  814 460.00  0.00 800.00  3.00  0
