trialNum matrixIndex leftValue leftTime rightValue rightTime choice
  0  383 220.00  0.00 800.00  4.30  1
  1  663 370.00  0.00 800.00 156.00  0
  2  693 390.00  0.00 800.00 12.90  1
  3  661 370.00  0.00 800.00 52.00  1
  4  608 340.00  0.00 800.00 104.00  0
  5  769 430.00  0.00 800.00 52.00  1
  6  626 350.00  0.00 800.00 104.00  0
  7  751 420.00  0.00 800.00 52.00  1
  8  626 340.00  0.00 800.00 52.00  1
  9  626 370.00  0.00 800.00 156.00  0
 10  859 480.00  0.00 800.00 52.00  1
 11  626 370.00  0.00 800.00 156.00  0
 12  608 340.00  0.00 800.00 104.00  0
 13  626 360.00  0.00 800.00 156.00  0
 14  626 330.00  0.00 800.00 156.00  0
 15  626 350.00  0.00 800.00 52.00  1
 16  626 330.00  0.00 800.00 52.00  1
 17  626 370.00  0.00 800.00 52.00  1
 18  626 360.00  0.00 800.00 52.00  1
 19  626 350.00  0.00 800.00 52.00  1
