  0  426 240.00  0.00 800.00 26.00  1
  1  754 420.00  0.00 800.00 260.00  0
  2  769 430.00  0.00 800.00 52.00  0
  3  732 410.00  0.00 800.00 26.00  0
  4  694 390.00  0.00 800.00 17.20  0
  5  746 420.00  0.00 800.00 10.80  1
  6  694 380.00  0.00 800.00 21.50  0
  7  694 380.00  0.00 800.00 21.50  0
  8  746 420.00  0.00 800.00 10.80  1
  9  694 380.00  0.00 800.00 12.90  1
 10  694 410.00  0.00 800.00 12.90  0
 11  746 420.00  0.00 800.00 10.80  1
 12  694 380.00  0.00 800.00 12.90  1
 13  694 390.00  0.00 800.00 21.50  0
 14  605 340.00  0.00 800.00 21.50  0
 15  693 390.00  0.00 800.00 12.90  1
 16  783 440.00  0.00 800.00 12.90  0
 17  764 430.00  0.00 800.00 10.80  0
 18  746 420.00  0.00 800.00 10.80  0
 19  657 370.00  0.00 800.00 12.90  0
