  0  650 370.00  0.00 800.00  1.00  1
  1  608 340.00  0.00 800.00 104.00  1
  2  881 490.00  0.00 800.00 520.00  0
  3  664 370.00  0.00 800.00 260.00  0
  4  645 360.00  0.00 800.00 156.00  0
  5  698 390.00  0.00 800.00 104.00  0
  6  841 470.00  0.00 800.00 52.00  0
  7  858 480.00  0.00 800.00 26.00  1
  8  608 340.00  0.00 800.00 104.00  1
  9  590 330.00  0.00 800.00 104.00  1
 10  590 350.00  0.00 800.00 156.00  0
 11  590 320.00  0.00 800.00 52.00  1
 12  590 330.00  0.00 800.00 156.00  0
 13  590 330.00  0.00 800.00 52.00  1
 14  590 350.00  0.00 800.00 156.00  0
 15  590 350.00  0.00 800.00 156.00  0
 16  590 310.00  0.00 800.00 156.00  0
 17  590 350.00  0.00 800.00 156.00  0
 18  590 350.00  0.00 800.00 52.00  1
 19  590 320.00  0.00 800.00 156.00  0
