  0  762 430.00  0.00 800.00  6.44  0
  1  652 370.00  0.00 800.00  3.00  1
  2  707 400.00  0.00 800.00  4.30  1
  3  654 370.00  0.00 800.00  6.44  1
  4  584 330.00  0.00 800.00 10.80  1
  5  606 340.00  0.00 800.00 26.00  0
  6  710 400.00  0.00 800.00 10.80  1
  7  804 450.00  0.00 800.00 26.00  0
  8  784 440.00  0.00 800.00 17.20  0
  9  729 410.00  0.00 800.00 12.90  0
 10  674 380.00  0.00 800.00 10.80  1
 11  819 460.00  0.00 800.00 12.90  0
 12  709 400.00  0.00 800.00  8.60  1
 13  747 420.00  0.00 800.00 12.90  0
 14  620 350.00  0.00 800.00 10.80  1
 15  729 410.00  0.00 800.00 12.90  1
 16  729 420.00  0.00 800.00 10.80  1
 17  784 440.00  0.00 800.00 17.20  0
 18  693 390.00  0.00 800.00 12.90  1
 19  657 370.00  0.00 800.00 12.90  1
