  0  549 310.00  0.00 800.00 12.90  1
  1  754 420.00  0.00 800.00 260.00  0
  2  679 380.00  0.00 800.00 52.00  0
  3  695 390.00  0.00 800.00 21.50  0
  4  693 390.00  0.00 800.00 12.90  0
  5  656 370.00  0.00 800.00 10.80  0
  6  726 410.00  0.00 800.00  6.44  1
  7  745 420.00  0.00 800.00  8.60  1
  8  656 370.00  0.00 800.00 10.80  0
  9  763 430.00  0.00 800.00  8.60  1
 10 1419 790.00  0.00 800.00 156.00  0
 11  727 410.00  0.00 800.00  8.60  1
 12  801 450.00  0.00 800.00 12.90  0
 13  709 400.00  0.00 800.00  8.60  1
 14  709 420.00  0.00 800.00 10.80  0
 15  709 390.00  0.00 800.00 10.80  0
 16  727 410.00  0.00 800.00  8.60  1
 17  709 390.00  0.00 800.00  6.44  1
 18  709 410.00  0.00 800.00 10.80  0
 19  709 380.00  0.00 800.00 10.80  0
