  0 1302 730.00  0.00 800.00  6.44  0
  1  655 370.00  0.00 800.00  8.60  1
  2  732 410.00  0.00 800.00 26.00  1
  3  679 380.00  0.00 800.00 52.00  1
  4  573 320.00  0.00 800.00 156.00  1
  5  737 410.00  0.00 800.00 520.00  0
  6  646 360.00  0.00 800.00 260.00  1
  7  611 340.00  0.00 800.00 520.00  1
  8  827 460.00  0.00 800.00 520.00  0
  9  719 400.00  0.00 800.00 520.00  0
 10  772 430.00  0.00 800.00 260.00  0
 11  610 340.00  0.00 800.00 260.00  1
 12  718 400.00  0.00 800.00 260.00  1
 13  737 410.00  0.00 800.00 520.00  0
 14  718 410.00  0.00 800.00 520.00  0
 15  736 410.00  0.00 800.00 260.00  1
 16  629 350.00  0.00 800.00 520.00  0
 17  700 390.00  0.00 800.00 260.00  0
 18  592 330.00  0.00 800.00 260.00  0
 19  573 320.00  0.00 800.00 156.00  1
