  0  763 430.00  0.00 800.00  8.60  0
  1  742 420.00  0.00 800.00  3.00  1
  2  654 370.00  0.00 800.00  6.44  1
  3  655 370.00  0.00 800.00  8.60  1
  4  674 380.00  0.00 800.00 10.80  1
  5  588 330.00  0.00 800.00 26.00  0
  6  729 410.00  0.00 800.00 12.90  0
  7  656 370.00  0.00 800.00 10.80  1
  8  729 390.00  0.00 800.00 17.20  0
  9  727 410.00  0.00 800.00  8.60  0
 10  727 420.00  0.00 800.00  6.44  1
 11  656 370.00  0.00 800.00 10.80  0
 12  763 430.00  0.00 800.00  8.60  1
 13 1328 740.00  0.00 800.00 104.00  0
 14  727 410.00  0.00 800.00  8.60  1
 15  801 450.00  0.00 800.00 12.90  0
 16  709 400.00  0.00 800.00  8.60  1
 17  709 390.00  0.00 800.00 10.80  1
 18  765 430.00  0.00 800.00 12.90  0
 19  765 440.00  0.00 800.00 10.80  0
