trialNum matrixIndex leftValue leftTime rightValue rightTime choice
  0  473 270.00  0.00 800.00  4.30  1
  1  790 440.00  0.00 800.00 260.00  0
  2  679 380.00  0.00 800.00 52.00  1
  3  681 380.00  0.00 800.00 156.00  0
  4  626 350.00  0.00 800.00 104.00  1
  5  716 400.00  0.00 800.00 104.00  1
  6  681 380.00  0.00 800.00 156.00  0
  7  716 410.00  0.00 800.00 156.00  0
  8  716 420.00  0.00 800.00 156.00  0
  9  716 390.00  0.00 800.00 156.00  0
 10  716 390.00  0.00 800.00 52.00  1
 11  716 390.00  0.00 800.00 52.00  1
 12  716 410.00  0.00 800.00 156.00  0
 13  716 410.00  0.00 800.00 156.00  0
 14  716 380.00  0.00 800.00 52.00  1
 15  716 380.00  0.00 800.00 52.00  1
 16  716 410.00  0.00 800.00 52.00  1
 17  716 390.00  0.00 800.00 52.00  1
 18  716 400.00  0.00 800.00 52.00  1
 19  716 420.00  0.00 800.00 52.00  1
 20  716 380.00  0.00 800.00 52.00  1
 21  716 420.00  0.00 800.00 156.00  0
 22  716 390.00  0.00 800.00 52.00  1
 23  716 410.00  0.00 800.00 156.00  0
 24  716 420.00  0.00 800.00 156.00  0
 25  716 400.00  0.00 800.00 156.00  0
 26  716 420.00  0.00 800.00 52.00  1
 27  716 410.00  0.00 800.00 156.00  0
 28  716 400.00  0.00 800.00 52.00  1
 29  716 420.00  0.00 800.00 156.00  0
 30  716 420.00  0.00 800.00 156.00  0
 31  716 410.00  0.00 800.00 52.00  1
 32  716 420.00  0.00 800.00 52.00  1
 33  716 420.00  0.00 800.00 156.00  0
 34  716 380.00  0.00 800.00 156.00  1
 35  698 390.00  0.00 800.00 104.00  1
 36  716 380.00  0.00 800.00 156.00  0
 37  716 390.00  0.00 800.00 156.00  0
 38  716 400.00  0.00 800.00 156.00  0
 39  716 420.00  0.00 800.00 52.00  1
 40  716 400.00  0.00 800.00 52.00  1
 41  716 380.00  0.00 800.00 52.00  1
