  0  152  90.00  0.00 800.00 10.80  0
  1  758 430.00  0.00 800.00  1.00  1
  2  615 350.00  0.00 800.00  2.00  1
  3  763 430.00  0.00 800.00  8.60  1
  4    0  10.00  0.00 800.00  0.43  1
  5    0  10.00  0.00 800.00  0.71  1
  6    0  30.00  0.00 800.00  0.71  1
  7  932 520.00  0.00 800.00 104.00  0
  8 1421 790.00  0.00 800.00 520.00  0
  9  820 460.00  0.00 800.00 17.20  1
 10    0  10.00  0.00 800.00  0.43  1
 11  787 440.00  0.00 800.00 52.00  1
 12  825 460.00  0.00 800.00 156.00  0
 13    0  10.00  0.00 800.00  0.43  1
 14  715 400.00  0.00 800.00 52.00  1
 15  788 440.00  0.00 800.00 104.00  0
 16    0  10.00  0.00 800.00  0.43  1
 17  697 390.00  0.00 800.00 52.00  1
 18  716 400.00  0.00 800.00 104.00  0
 19  733 410.00  0.00 800.00 52.00  1
