  0  992 560.00  0.00 800.00  1.00  1
  1  753 420.00  0.00 800.00 156.00  0
  2  695 390.00  0.00 800.00 21.50  0
  3  744 420.00  0.00 800.00  6.44  1
  4  693 390.00  0.00 800.00 12.90  1
  5  783 440.00  0.00 800.00 12.90  1
  6  713 400.00  0.00 800.00 21.50  0
  7  676 380.00  0.00 800.00 17.20  0
  8  694 390.00  0.00 800.00 17.20  0
  9  694 370.00  0.00 800.00 12.90  1
 10  694 400.00  0.00 800.00 21.50  0
 11  694 390.00  0.00 800.00 12.90  1
 12  694 380.00  0.00 800.00 21.50  0
 13  694 390.00  0.00 800.00 21.50  0
 14  694 410.00  0.00 800.00 12.90  1
 15  694 410.00  0.00 800.00 21.50  0
 16  694 370.00  0.00 800.00 12.90  1
 17  694 410.00  0.00 800.00 12.90  1
 18  694 410.00  0.00 800.00 12.90  1
 19  694 390.00  0.00 800.00 12.90  1
