  0 1271 710.00  0.00 800.00 21.50  1
  1 1043 580.00  0.00 800.00 520.00  0
  2  701 390.00  0.00 800.00 520.00  0
  3  754 420.00  0.00 800.00 260.00  0
  4  664 370.00  0.00 800.00 260.00  0
  5  735 410.00  0.00 800.00 156.00  0
  6  770 430.00  0.00 800.00 104.00  0
  7  805 450.00  0.00 800.00 52.00  1
  8  680 380.00  0.00 800.00 104.00  0
  9  697 390.00  0.00 800.00 52.00  0
 10    0  10.00  0.00 800.00  0.43  1
 11  642 360.00  0.00 800.00 26.00  1
 12  517 290.00  0.00 800.00 52.00  0
 13    0  10.00  0.00 800.00  0.43  1
 14    0  10.00  0.00 800.00  0.71  1
 15  642 360.00  0.00 800.00 26.00  0
 16  569 320.00  0.00 800.00 21.50  1
 17    0  10.00  0.00 800.00  0.43  1
 18  624 350.00  0.00 800.00 26.00  1
 19  660 370.00  0.00 800.00 26.00  0
