  0  301 170.00  0.00 800.00 52.00  0
  1  742 420.00  0.00 800.00  3.00  1
  2  744 420.00  0.00 800.00  6.44  1
  3  745 420.00  0.00 800.00  8.60  1
  4  693 390.00  0.00 800.00 12.90  1
  5  623 350.00  0.00 800.00 21.50  1
  6  607 340.00  0.00 800.00 52.00  1
  7  771 430.00  0.00 800.00 156.00  0
  8    0  10.00  0.00 800.00  0.43  1
  9  787 440.00  0.00 800.00 52.00  1
 10    0  10.00  0.00 800.00  0.71  1
 11  842 470.00  0.00 800.00 104.00  1
 12  845 470.00  0.00 800.00 520.00  0
 13  843 470.00  0.00 800.00 156.00  0
 14  770 430.00  0.00 800.00 104.00  1
 15    0  10.00  0.00 800.00  0.43  1
 16  825 460.00  0.00 800.00 156.00  0
 17  680 380.00  0.00 800.00 104.00  1
 18  879 490.00  0.00 800.00 156.00  0
 19  608 340.00  0.00 800.00 104.00  1
