trialNum matrixIndex leftValue leftTime rightValue rightTime choice
  0   81  50.00  0.00 800.00 12.90  1
  1  663 370.00  0.00 800.00 156.00  0
  2  693 390.00  0.00 800.00 12.90  1
  3  822 460.00  0.00 800.00 26.00  0
  4  695 390.00  0.00 800.00 21.50  0
  5  783 440.00  0.00 800.00 12.90  1
  6  713 400.00  0.00 800.00 21.50  0
  7  676 380.00  0.00 800.00 17.20  1
  8  713 400.00  0.00 800.00 17.20  1
  9  713 410.00  0.00 800.00 17.20  1
 10  713 380.00  0.00 800.00 17.20  1
 11  713 390.00  0.00 800.00 26.00  1
 12  804 450.00  0.00 800.00 26.00  0
 13  695 390.00  0.00 800.00 21.50  1
 14  804 460.00  0.00 800.00 21.50  0
 15  677 380.00  0.00 800.00 21.50  1
 16  786 440.00  0.00 800.00 26.00  0
 17  677 360.00  0.00 800.00 17.20  1
 18  677 390.00  0.00 800.00 17.20  1
 19  677 360.00  0.00 800.00 17.20  1
