  0   81  50.00  0.00 800.00 12.90  0
  1 1291 720.00  0.00 800.00 52.00  0
  2  615 350.00  0.00 800.00  2.00  1
  3 1419 790.00  0.00 800.00 156.00  0
  4 1419 770.00  0.00 800.00 104.00  0
  5  671 380.00  0.00 800.00  4.30  1
  6 1421 790.00  0.00 800.00 520.00  0
  7 1421 770.00  0.00 800.00 260.00  0
  8  745 420.00  0.00 800.00  8.60  1
  9 1421 790.00  0.00 800.00 260.00  0
 10  802 450.00  0.00 800.00 17.20  0
 11  781 440.00  0.00 800.00  8.60  1
 12  838 470.00  0.00 800.00 17.20  0
 13  782 440.00  0.00 800.00 10.80  1
 14 1421 790.00  0.00 800.00 520.00  0
 15  766 430.00  0.00 800.00 17.20  1
 16  821 460.00  0.00 800.00 21.50  0
 17  820 460.00  0.00 800.00 17.20  1
 18 1421 790.00  0.00 800.00 520.00  0
 19  839 470.00  0.00 800.00 21.50  0
