  0 1090 610.00  0.00 800.00 17.20  0
  1  655 370.00  0.00 800.00  8.60  1
  2  784 440.00  0.00 800.00 17.20  0
  3  693 390.00  0.00 800.00 12.90  1
  4  783 440.00  0.00 800.00 12.90  1
  5  713 400.00  0.00 800.00 21.50  1
  6  589 330.00  0.00 800.00 52.00  1
  7  699 390.00  0.00 800.00 156.00  0
  8  716 400.00  0.00 800.00 104.00  0
  9  733 410.00  0.00 800.00 52.00  0
 10  822 460.00  0.00 800.00 26.00  1
 11  913 510.00  0.00 800.00 52.00  0
 12  805 450.00  0.00 800.00 52.00  0
 13  696 390.00  0.00 800.00 26.00  0
 14 1421 790.00  0.00 800.00 520.00  0
 15  569 320.00  0.00 800.00 21.50  1
 16  588 330.00  0.00 800.00 26.00  1
 17  894 500.00  0.00 800.00 26.00  0
 18  714 400.00  0.00 800.00 26.00  0
 19  714 410.00  0.00 800.00 21.50  1
