  0  757 430.00  0.00 800.00  0.71  1
  1  698 390.00  0.00 800.00 104.00  0
  2  745 420.00  0.00 800.00  8.60  1
  3  732 410.00  0.00 800.00 26.00  0
  4  783 440.00  0.00 800.00 12.90  1
  5  695 390.00  0.00 800.00 21.50  0
  6  676 380.00  0.00 800.00 17.20  0
  7  694 390.00  0.00 800.00 17.20  0
  8  728 410.00  0.00 800.00 10.80  1
  9  694 400.00  0.00 800.00 12.90  1
 10  694 370.00  0.00 800.00 12.90  1
 11  694 410.00  0.00 800.00 12.90  1
 12  694 390.00  0.00 800.00 12.90  1
 13  694 400.00  0.00 800.00 21.50  0
 14  694 380.00  0.00 800.00 12.90  1
 15  694 410.00  0.00 800.00 12.90  1
 16  694 380.00  0.00 800.00 21.50  0
 17  694 380.00  0.00 800.00 12.90  1
 18  694 400.00  0.00 800.00 21.50  0
 19  694 390.00  0.00 800.00 12.90  1
