  0 1264 710.00  0.00 800.00  3.00  1
  1  683 380.00  0.00 800.00 520.00  0
  2  698 390.00  0.00 800.00 104.00  0
  3  679 380.00  0.00 800.00 52.00  0
  4  822 460.00  0.00 800.00 26.00  0
  5  732 410.00  0.00 800.00 26.00  0
  6  766 430.00  0.00 800.00 17.20  0
  7  747 420.00  0.00 800.00 12.90  0
  8  691 390.00  0.00 800.00  8.60  0
  9  689 390.00  0.00 800.00  4.30  0
 10 1420 790.00  0.00 800.00 260.00  0
 11  670 380.00  0.00 800.00  3.00  0
 12 1420 790.00  0.00 800.00 156.00  0
 13  598 340.00  0.00 800.00  3.00  0
 14 1420 790.00  0.00 800.00 520.00  0
 15  741 420.00  0.00 800.00  2.00  0
 16  723 410.00  0.00 800.00  2.00  0
 17  831 470.00  0.00 800.00  2.00  0
 18  777 440.00  0.00 800.00  2.00  1
 19  813 460.00  0.00 800.00  2.00  1
