trialNum matrixIndex leftValue leftTime rightValue rightTime choice
  0  374 210.00  0.00 800.00 104.00  1
  1  791 440.00  0.00 800.00 520.00  0
  2  806 450.00  0.00 800.00 104.00  1
  3  754 420.00  0.00 800.00 260.00  1
  4  611 340.00  0.00 800.00 520.00  1
  5  701 390.00  0.00 800.00 520.00  1
  6  809 450.00  0.00 800.00 520.00  1
  7  953 530.00  0.00 800.00 520.00  0
  8  791 440.00  0.00 800.00 520.00  1
  9  935 520.00  0.00 800.00 520.00  0
 10  917 510.00  0.00 800.00 520.00  0
 11  773 430.00  0.00 800.00 520.00  1
 12  917 500.00  0.00 800.00 260.00  1
 13  899 500.00  0.00 800.00 520.00  0
 14  773 430.00  0.00 800.00 520.00  1
 15  899 500.00  0.00 800.00 260.00  1
 16  899 490.00  0.00 800.00 260.00  1
 17  899 510.00  0.00 800.00 260.00  1
 18  899 480.00  0.00 800.00 260.00  1
 19  899 520.00  0.00 800.00 260.00  1
