  0  399 230.00  0.00 800.00  2.00  0
  1 1421 790.00  0.00 800.00 520.00  0
  2 1421 790.00  0.00 800.00 520.00  0
  3  929 520.00  0.00 800.00 21.50  1
  4    0  10.00  0.00 800.00  0.43  1
  5    0  30.00  0.00 800.00  0.71  1
  6    0  10.00  0.00 800.00  0.71  1
  7    0  20.00  0.00 800.00  0.71  1
  8  625 350.00  0.00 800.00 52.00  1
  9    0  10.00  0.00 800.00  0.71  1
 10  736 410.00  0.00 800.00 260.00  0
 11    0  20.00  0.00 800.00  0.71  1
 12  734 410.00  0.00 800.00 104.00  1
 13  772 430.00  0.00 800.00 260.00  0
 14  681 380.00  0.00 800.00 156.00  1
 15    0  10.00  0.00 800.00  0.43  1
 16  772 430.00  0.00 800.00 260.00  0
 17  717 400.00  0.00 800.00 156.00  0
 18  680 380.00  0.00 800.00 104.00  1
 19  753 420.00  0.00 800.00 156.00  0
