trialNum matrixIndex leftValue leftTime rightValue rightTime choice
  0  347 200.00  0.00 800.00  4.30  1
  1  753 420.00  0.00 800.00 156.00  0
  2  676 380.00  0.00 800.00 17.20  1
  3  769 430.00  0.00 800.00 52.00  0
  4  822 460.00  0.00 800.00 26.00  1
  5  661 370.00  0.00 800.00 52.00  0
  6  804 450.00  0.00 800.00 26.00  1
  7  679 380.00  0.00 800.00 52.00  1
  8  661 370.00  0.00 800.00 52.00  1
  9  823 460.00  0.00 800.00 52.00  1
 10  753 420.00  0.00 800.00 156.00  0
 11  770 430.00  0.00 800.00 104.00  0
 12  698 390.00  0.00 800.00 104.00  0
 13  787 440.00  0.00 800.00 52.00  0
 14  841 470.00  0.00 800.00 52.00  0
 15  589 330.00  0.00 800.00 52.00  1
 16  805 450.00  0.00 800.00 52.00  0
 17  823 460.00  0.00 800.00 52.00  0
 18  607 340.00  0.00 800.00 52.00  1
 19  805 450.00  0.00 800.00 52.00  0
