  0   51  30.00  0.00 800.00 156.00  1
  1  664 370.00  0.00 800.00 260.00  0
  2  822 460.00  0.00 800.00 26.00  0
  3  693 390.00  0.00 800.00 12.90  0
  4  744 420.00  0.00 800.00  6.44  0
  5  689 390.00  0.00 800.00  4.30  0
  6  777 440.00  0.00 800.00  2.00  0
  7  615 350.00  0.00 800.00  2.00  0
  8  758 430.00  0.00 800.00  1.00  0
  9  776 440.00  0.00 800.00  1.00  0
 10  776 420.00  0.00 800.00  2.00  0
 11  776 460.00  0.00 800.00  2.00  0
 12  776 420.00  0.00 800.00  2.00  0
 13  776 430.00  0.00 800.00  0.71  1
 14  776 420.00  0.00 800.00  0.71  1
 15  776 440.00  0.00 800.00  2.00  0
 16  776 430.00  0.00 800.00  0.71  1
 17  776 430.00  0.00 800.00  0.71  1
 18  776 460.00  0.00 800.00  0.71  1
 19  758 430.00  0.00 800.00  1.00  0
