  0  376 210.00  0.00 800.00 260.00  0
  1  656 370.00  0.00 800.00 10.80  0
  2  652 370.00  0.00 800.00  3.00  1
  3  707 400.00  0.00 800.00  4.30  1
  4  744 420.00  0.00 800.00  6.44  1
  5  674 380.00  0.00 800.00 10.80  0
  6  744 430.00  0.00 800.00  8.60  0
  7  744 440.00  0.00 800.00  8.60  1
  8 1419 790.00  0.00 800.00 156.00  0
  9  618 350.00  0.00 800.00  6.44  1
 10  763 430.00  0.00 800.00  8.60  0
 11  690 390.00  0.00 800.00  6.44  1
 12  692 390.00  0.00 800.00 10.80  0
 13  708 400.00  0.00 800.00  6.44  1
 14  708 410.00  0.00 800.00  4.30  1
 15  692 390.00  0.00 800.00 10.80  0
 16  708 400.00  0.00 800.00  4.30  1
 17  708 410.00  0.00 800.00  4.30  1
 18  692 390.00  0.00 800.00 10.80  0
 19  619 350.00  0.00 800.00  8.60  0
