  0   77  50.00  0.00 800.00  4.30  1
  1  698 390.00  0.00 800.00 104.00  0
  2  656 370.00  0.00 800.00 10.80  1
  3  732 410.00  0.00 800.00 26.00  0
  4  783 440.00  0.00 800.00 12.90  1
  5  695 390.00  0.00 800.00 21.50  0
  6  676 380.00  0.00 800.00 17.20  1
  7  713 400.00  0.00 800.00 21.50  0
  8  676 370.00  0.00 800.00 21.50  0
  9  676 380.00  0.00 800.00 12.90  1
 10  676 370.00  0.00 800.00 21.50  0
 11  676 360.00  0.00 800.00 12.90  1
 12  676 370.00  0.00 800.00 12.90  1
 13  676 400.00  0.00 800.00 21.50  0
 14  676 380.00  0.00 800.00 21.50  0
 15  676 400.00  0.00 800.00 12.90  1
 16  676 360.00  0.00 800.00 12.90  0
 17  712 400.00  0.00 800.00 17.20  0
 18  712 410.00  0.00 800.00 21.50  0
 19  730 410.00  0.00 800.00 17.20  0
