  0 1244 700.00  0.00 800.00  1.00  0
  1  652 370.00  0.00 800.00  3.00  1
  2  654 370.00  0.00 800.00  6.44  1
  3  551 310.00  0.00 800.00 21.50  1
  4  664 370.00  0.00 800.00 260.00  0
  5  679 380.00  0.00 800.00 52.00  1
  6  752 420.00  0.00 800.00 104.00  1
  7  808 450.00  0.00 800.00 260.00  0
  8  753 420.00  0.00 800.00 156.00  1
  9  880 490.00  0.00 800.00 260.00  0
 10  609 340.00  0.00 800.00 156.00  1
 11  808 450.00  0.00 800.00 260.00  0
 12  681 380.00  0.00 800.00 156.00  1
 13  682 380.00  0.00 800.00 260.00  1
 14  844 470.00  0.00 800.00 260.00  0
 15  646 360.00  0.00 800.00 260.00  0
 16  645 360.00  0.00 800.00 156.00  1
 17  808 450.00  0.00 800.00 260.00  0
 18  682 380.00  0.00 800.00 260.00  0
 19  700 390.00  0.00 800.00 260.00  0
