  0 1306 730.00  0.00 800.00 17.20  1
  1  971 540.00  0.00 800.00 520.00  0
  2  683 380.00  0.00 800.00 520.00  0
  3  754 420.00  0.00 800.00 260.00  0
  4  664 370.00  0.00 800.00 260.00  0
  5  735 410.00  0.00 800.00 156.00  0
  6  770 430.00  0.00 800.00 104.00  0
  7  805 450.00  0.00 800.00 52.00  0
  8  732 410.00  0.00 800.00 26.00  1
  9  607 340.00  0.00 800.00 52.00  0
 10    0  10.00  0.00 800.00  0.43  1
 11  624 350.00  0.00 800.00 26.00  1
 12  642 360.00  0.00 800.00 26.00  1
 13  751 420.00  0.00 800.00 52.00  0
 14  660 370.00  0.00 800.00 26.00  1
 15  679 380.00  0.00 800.00 52.00  0
 16  660 350.00  0.00 800.00 52.00  0
 17  606 340.00  0.00 800.00 26.00  1
 18  624 350.00  0.00 800.00 26.00  1
 19  769 430.00  0.00 800.00 52.00  0
