trialNum matrixIndex leftValue leftTime rightValue rightTime choice
  0  862 480.00  0.00 800.00 260.00  0
  1  769 430.00  0.00 800.00 52.00  1
  2  681 380.00  0.00 800.00 156.00  0
  3  716 400.00  0.00 800.00 104.00  0
  4  626 350.00  0.00 800.00 104.00  0
  5  751 420.00  0.00 800.00 52.00  1
  6  626 360.00  0.00 800.00 156.00  0
  7  626 370.00  0.00 800.00 156.00  0
  8  626 340.00  0.00 800.00 156.00  0
  9  626 340.00  0.00 800.00 156.00  0
 10  626 370.00  0.00 800.00 52.00  1
 11  626 340.00  0.00 800.00 156.00  0
 12  626 340.00  0.00 800.00 156.00  0
 13  626 330.00  0.00 800.00 52.00  1
 14  626 370.00  0.00 800.00 52.00  1
 15  626 340.00  0.00 800.00 52.00  1
 16  626 340.00  0.00 800.00 52.00  1
 17  626 360.00  0.00 800.00 52.00  1
 18  626 350.00  0.00 800.00 52.00  1
 19  626 330.00  0.00 800.00 156.00  0
 20  626 340.00  0.00 800.00 52.00  1
 21  626 360.00  0.00 800.00 156.00  0
 22  626 350.00  0.00 800.00 156.00  0
 23  626 330.00  0.00 800.00 52.00  1
 24  626 340.00  0.00 800.00 156.00  0
 25  626 340.00  0.00 800.00 52.00  1
 26  626 350.00  0.00 800.00 156.00  0
 27  626 330.00  0.00 800.00 156.00  1
 28  608 340.00  0.00 800.00 104.00  0
 29  626 350.00  0.00 800.00 156.00  0
 30  626 330.00  0.00 800.00 52.00  1
 31  626 340.00  0.00 800.00 156.00  0
 32  626 360.00  0.00 800.00 52.00  1
 33  626 330.00  0.00 800.00 156.00  0
 34  626 360.00  0.00 800.00 156.00  0
 35  626 370.00  0.00 800.00 156.00  0
 36  626 330.00  0.00 800.00 52.00  1
 37  626 370.00  0.00 800.00 156.00  0
 38  626 360.00  0.00 800.00 52.00  1
 39  626 340.00  0.00 800.00 156.00  0
 40  626 370.00  0.00 800.00 156.00  0
 41  626 350.00  0.00 800.00 52.00  1
