trialNum matrixIndex leftValue leftTime rightValue rightTime choice
  0  792 450.00  0.00 800.00  0.43  1
  1  698 390.00  0.00 800.00 104.00  1
  2  971 540.00  0.00 800.00 520.00  0
  3  754 420.00  0.00 800.00 260.00  0
  4  753 420.00  0.00 800.00 156.00  0
  5  806 450.00  0.00 800.00 104.00  0
  6  698 390.00  0.00 800.00 104.00  0
  7  751 420.00  0.00 800.00 52.00  0
  8  748 420.00  0.00 800.00 17.20  1
  9  768 430.00  0.00 800.00 26.00  1
 10  679 380.00  0.00 800.00 52.00  1
 11  715 400.00  0.00 800.00 52.00  1
 12  626 350.00  0.00 800.00 104.00  0
 13  715 390.00  0.00 800.00 104.00  0
 14  697 390.00  0.00 800.00 52.00  1
 15  697 400.00  0.00 800.00 26.00  1
 16  626 350.00  0.00 800.00 104.00  0
 17  715 400.00  0.00 800.00 52.00  1
 18  662 370.00  0.00 800.00 104.00  0
 19  733 410.00  0.00 800.00 52.00  0
