trialNum matrixIndex leftValue leftTime rightValue rightTime choice
  0  726 410.00  0.00 800.00  6.44  1
  1  611 340.00  0.00 800.00 520.00  0
  2  661 370.00  0.00 800.00 52.00  1
  3  645 360.00  0.00 800.00 156.00  0
  4  608 340.00  0.00 800.00 104.00  1
  5  698 390.00  0.00 800.00 104.00  0
  6  841 470.00  0.00 800.00 52.00  1
  7  716 400.00  0.00 800.00 104.00  0
  8  841 460.00  0.00 800.00 104.00  0
  9  841 470.00  0.00 800.00 26.00  1
 10  608 340.00  0.00 800.00 104.00  0
 11  608 360.00  0.00 800.00 52.00  1
 12  608 330.00  0.00 800.00 156.00  0
 13  608 320.00  0.00 800.00 52.00  1
 14  608 330.00  0.00 800.00 156.00  0
 15  608 330.00  0.00 800.00 156.00  0
 16  608 340.00  0.00 800.00 156.00  0
 17  608 330.00  0.00 800.00 52.00  1
 18  608 350.00  0.00 800.00 52.00  1
 19  608 360.00  0.00 800.00 156.00  0
