  0  726 410.00  0.00 800.00  6.44  1
  1  754 420.00  0.00 800.00 260.00  0
  2  661 370.00  0.00 800.00 52.00  1
  3  645 360.00  0.00 800.00 156.00  0
  4  608 340.00  0.00 800.00 104.00  0
  5  769 430.00  0.00 800.00 52.00  1
  6  626 350.00  0.00 800.00 104.00  0
  7  751 420.00  0.00 800.00 52.00  1
  8  626 330.00  0.00 800.00 52.00  1
  9  626 330.00  0.00 800.00 156.00  0
 10  626 340.00  0.00 800.00 52.00  1
 11  626 330.00  0.00 800.00 52.00  1
 12  859 480.00  0.00 800.00 52.00  1
 13  626 330.00  0.00 800.00 52.00  1
 14  626 350.00  0.00 800.00 156.00  0
 15  608 340.00  0.00 800.00 104.00  0
 16  626 360.00  0.00 800.00 156.00  0
 17  626 360.00  0.00 800.00 52.00  1
 18  626 350.00  0.00 800.00 52.00  1
 19  626 330.00  0.00 800.00 52.00  1
