trialNum matrixIndex leftValue leftTime rightValue rightTime choice
  0  878 490.00  0.00 800.00 104.00  0
  1  693 390.00  0.00 800.00 12.90  1
  2  661 370.00  0.00 800.00 52.00  0
  3  713 400.00  0.00 800.00 21.50  1
  4  822 460.00  0.00 800.00 26.00  1
  5  679 380.00  0.00 800.00 52.00  0
  6  804 450.00  0.00 800.00 26.00  1
  7  679 360.00  0.00 800.00 26.00  1
  8  679 390.00  0.00 800.00 26.00  1
  9  679 390.00  0.00 800.00 104.00  0
 10  679 370.00  0.00 800.00 104.00  0
 11  679 370.00  0.00 800.00 104.00  0
 12  571 320.00  0.00 800.00 52.00  0
 13  822 460.00  0.00 800.00 26.00  0
 14  822 480.00  0.00 800.00 52.00  0
 15  822 440.00  0.00 800.00 21.50  0
 16  876 490.00  0.00 800.00 26.00  0
 17  678 380.00  0.00 800.00 26.00  1
 18  876 510.00  0.00 800.00 21.50  0
 19  678 380.00  0.00 800.00 21.50  1
