  0  684 390.00  0.00 800.00  0.43  1
  1  663 370.00  0.00 800.00 156.00  1
  2  971 540.00  0.00 800.00 520.00  1
  3 1223 680.00  0.00 800.00 520.00  0
  4 1115 620.00  0.00 800.00 520.00  0
  5 1043 580.00  0.00 800.00 520.00  1
  6 1133 630.00  0.00 800.00 520.00  0
  7 1043 590.00  0.00 800.00 260.00  1
  8 1043 590.00  0.00 800.00 260.00  1
  9 1043 600.00  0.00 800.00 260.00  1
 10 1043 600.00  0.00 800.00 260.00  1
 11 1043 600.00  0.00 800.00 260.00  1
 12 1043 590.00  0.00 800.00 260.00  1
 13 1043 600.00  0.00 800.00 260.00  1
 14 1043 580.00  0.00 800.00 260.00  1
 15 1043 560.00  0.00 800.00 260.00  1
 16 1043 590.00  0.00 800.00 260.00  1
 17 1043 590.00  0.00 800.00 260.00  1
 18 1043 590.00  0.00 800.00 260.00  1
 19 1043 580.00  0.00 800.00 260.00  1
