  0  966 540.00  0.00 800.00 26.00  1
  1  791 440.00  0.00 800.00 520.00  0
  2  753 420.00  0.00 800.00 156.00  0
  3  698 390.00  0.00 800.00 104.00  0
  4  608 340.00  0.00 800.00 104.00  0
  5  751 420.00  0.00 800.00 52.00  0
  6  643 360.00  0.00 800.00 52.00  0
  7  766 430.00  0.00 800.00 17.20  0
  8  673 380.00  0.00 800.00  8.60  1
  9 1421 790.00  0.00 800.00 520.00  0
 10  639 360.00  0.00 800.00 12.90  1
 11  623 350.00  0.00 800.00 21.50  0
 12 1421 790.00  0.00 800.00 520.00  0
 13  620 350.00  0.00 800.00 10.80  1
 14  621 350.00  0.00 800.00 12.90  1
 15  767 430.00  0.00 800.00 21.50  0
 16  549 310.00  0.00 800.00 12.90  1
 17  821 460.00  0.00 800.00 21.50  0
 18  586 330.00  0.00 800.00 17.20  1
 19  821 460.00  0.00 800.00 26.00  0
