  0  142  80.00  0.00 800.00 260.00  1
  1  701 390.00  0.00 800.00 520.00  1
  2 1115 620.00  0.00 800.00 520.00  1
  3 1277 710.00  0.00 800.00 520.00  1
  4 1331 740.00  0.00 800.00 520.00  1
  5 1331 750.00  0.00 800.00 260.00  1
  6 1331 750.00  0.00 800.00 260.00  0
  7 1259 700.00  0.00 800.00 520.00  1
  8 1295 720.00  0.00 800.00 520.00  1
  9 1331 740.00  0.00 800.00 520.00  1
 10 1277 710.00  0.00 800.00 520.00  0
 11 1061 590.00  0.00 800.00 520.00  1
 12 1187 660.00  0.00 800.00 520.00  0
 13   16  10.00  0.00 800.00 260.00  1
 14   16  10.00  0.00 800.00 156.00  1
 15  989 550.00  0.00 800.00 520.00  1
 16 1061 590.00  0.00 800.00 520.00  1
 17 1061 590.00  0.00 800.00 260.00  1
 18 1115 620.00  0.00 800.00 520.00  1
 19 1115 620.00  0.00 800.00 260.00  1
