trialNum matrixIndex leftValue leftTime rightValue rightTime choice
  0   13  10.00  0.00 800.00 52.00  1
  1  645 360.00  0.00 800.00 156.00  0
  2  693 390.00  0.00 800.00 12.90  1
  3  661 370.00  0.00 800.00 52.00  0
  4  784 440.00  0.00 800.00 17.20  1
  5  822 460.00  0.00 800.00 26.00  1
  6  679 380.00  0.00 800.00 52.00  0
  7  804 450.00  0.00 800.00 26.00  1
  8  804 460.00  0.00 800.00 52.00  0
  9  804 430.00  0.00 800.00 21.50  1
 10  679 380.00  0.00 800.00 52.00  0
 11  571 320.00  0.00 800.00 52.00  0
 12  822 460.00  0.00 800.00 26.00  1
 13  804 450.00  0.00 800.00 26.00  1
 14  804 470.00  0.00 800.00 52.00  0
 15  804 450.00  0.00 800.00 52.00  0
 16  804 430.00  0.00 800.00 52.00  0
 17  804 460.00  0.00 800.00 21.50  1
 18  804 470.00  0.00 800.00 52.00  0
 19  804 440.00  0.00 800.00 21.50  1
 20  804 470.00  0.00 800.00 52.00  0
 21  804 460.00  0.00 800.00 21.50  1
 22  804 440.00  0.00 800.00 21.50  1
 23  571 320.00  0.00 800.00 52.00  0
 24  804 440.00  0.00 800.00 21.50  1
 25  804 470.00  0.00 800.00 21.50  1
 26  804 430.00  0.00 800.00 52.00  0
 27  804 430.00  0.00 800.00 52.00  0
 28  804 450.00  0.00 800.00 52.00  0
 29  804 430.00  0.00 800.00 21.50  1
 30  804 440.00  0.00 800.00 21.50  1
 31  804 450.00  0.00 800.00 21.50  1
 32  804 440.00  0.00 800.00 21.50  1
 33  804 440.00  0.00 800.00 52.00  0
 34  804 470.00  0.00 800.00 52.00  0
 35  804 450.00  0.00 800.00 52.00  0
 36  804 460.00  0.00 800.00 52.00  0
 37  804 460.00  0.00 800.00 21.50  1
 38  804 450.00  0.00 800.00 21.50  1
 39  804 460.00  0.00 800.00 21.50  1
 40  804 470.00  0.00 800.00 21.50  1
 41  804 440.00  0.00 800.00 52.00  0
