  0    5  10.00  0.00 800.00  4.30  0
  1 1420 790.00  0.00 800.00 260.00  0
  2 1421 790.00  0.00 800.00 520.00  0
  3 1421 790.00  0.00 800.00 520.00  0
  4 1421 780.00  0.00 800.00 260.00  0
  5 1421 770.00  0.00 800.00 260.00  0
  6 1419 790.00  0.00 800.00 156.00  0
  7 1418 790.00  0.00 800.00 104.00  0
  8  797 450.00  0.00 800.00  4.30  1
  9 1421 790.00  0.00 800.00 520.00  0
 10  799 450.00  0.00 800.00  8.60  1
 11  768 430.00  0.00 800.00 26.00  1
 12    0  10.00  0.00 800.00  0.43  1
 13  679 380.00  0.00 800.00 52.00  1
 14  734 410.00  0.00 800.00 104.00  0
 15    0  10.00  0.00 800.00  0.43  1
 16  751 420.00  0.00 800.00 52.00  1
 17  752 420.00  0.00 800.00 104.00  0
 18  751 410.00  0.00 800.00 26.00  1
 19  698 390.00  0.00 800.00 104.00  0
