  0 1081 610.00  0.00 800.00  0.71  1
  1  788 440.00  0.00 800.00 104.00  0
  2  676 380.00  0.00 800.00 17.20  0
  3  654 370.00  0.00 800.00  6.44  1
  4  745 420.00  0.00 800.00  8.60  1
  5  693 390.00  0.00 800.00 12.90  0
  6  656 370.00  0.00 800.00 10.80  0
  7  745 420.00  0.00 800.00  8.60  0
  8  708 400.00  0.00 800.00  6.44  1
  9  763 430.00  0.00 800.00  8.60  0
 10  726 410.00  0.00 800.00  6.44  1
 11  763 410.00  0.00 800.00 10.80  0
 12  763 420.00  0.00 800.00 10.80  0
 13  726 410.00  0.00 800.00  6.44  1
 14  763 430.00  0.00 800.00 10.80  0
 15  674 380.00  0.00 800.00 10.80  0
 16  637 360.00  0.00 800.00  8.60  1
 17  674 370.00  0.00 800.00  8.60  1
 18  745 420.00  0.00 800.00  8.60  0
 19  745 440.00  0.00 800.00 10.80  0
