  0  336 190.00  0.00 800.00 26.00  0
  1  652 370.00  0.00 800.00  3.00  1
  2  707 400.00  0.00 800.00  4.30  1
  3  654 370.00  0.00 800.00  6.44  1
  4  655 370.00  0.00 800.00  8.60  1
  5  692 390.00  0.00 800.00 10.80  1
  6  714 400.00  0.00 800.00 26.00  1
  7  807 450.00  0.00 800.00 156.00  0
  8    0  10.00  0.00 800.00  0.43  1
  9  769 430.00  0.00 800.00 52.00  0
 10  876 490.00  0.00 800.00 26.00  1
 11    0  10.00  0.00 800.00  0.43  1
 12  895 500.00  0.00 800.00 52.00  0
 13  841 470.00  0.00 800.00 52.00  0
 14  678 380.00  0.00 800.00 26.00  0
 15 1421 790.00  0.00 800.00 520.00  0
 16  768 430.00  0.00 800.00 26.00  0
 17  658 370.00  0.00 800.00 17.20  0
 18  549 310.00  0.00 800.00 12.90  0
 19 1421 790.00  0.00 800.00 520.00  0
