  0  387 220.00  0.00 800.00 12.90  0
  1  705 400.00  0.00 800.00  2.00  1
  2  742 420.00  0.00 800.00  3.00  1
  3  707 400.00  0.00 800.00  4.30  1
  4  690 390.00  0.00 800.00  6.44  1
  5  714 400.00  0.00 800.00 26.00  1
  6    0  10.00  0.00 800.00  0.43  1
  7  790 440.00  0.00 800.00 260.00  0
  8    0  10.00  0.00 800.00  0.71  1
  9  787 440.00  0.00 800.00 52.00  1
 10    0  10.00  0.00 800.00  0.71  1
 11  771 430.00  0.00 800.00 156.00  0
 12  733 410.00  0.00 800.00 52.00  1
 13    0  10.00  0.00 800.00  0.43  1
 14  752 420.00  0.00 800.00 104.00  1
 15  790 440.00  0.00 800.00 260.00  0
 16  734 410.00  0.00 800.00 104.00  1
 17  789 440.00  0.00 800.00 156.00  0
 18  753 420.00  0.00 800.00 156.00  0
 19  608 340.00  0.00 800.00 104.00  1
