  0 1060 590.00  0.00 800.00 260.00  0
  1  732 410.00  0.00 800.00 26.00  1
  2  663 370.00  0.00 800.00 156.00  1
  3  754 420.00  0.00 800.00 260.00  1
  4  701 390.00  0.00 800.00 520.00  0
  5  844 470.00  0.00 800.00 260.00  0
  6  754 420.00  0.00 800.00 260.00  1
  7  611 340.00  0.00 800.00 520.00  0
  8  736 410.00  0.00 800.00 260.00  0
  9  736 420.00  0.00 800.00 156.00  1
 10  736 430.00  0.00 800.00 156.00  1
 11  754 420.00  0.00 800.00 260.00  1
 12  736 400.00  0.00 800.00 156.00  1
 13  736 400.00  0.00 800.00 156.00  1
 14  736 420.00  0.00 800.00 520.00  0
 15  736 430.00  0.00 800.00 156.00  1
 16  736 430.00  0.00 800.00 520.00  0
 17  736 400.00  0.00 800.00 156.00  1
 18  736 400.00  0.00 800.00 520.00  0
 19  736 400.00  0.00 800.00 520.00  0
