  0  374 210.00  0.00 800.00 104.00  0
  1  654 370.00  0.00 800.00  6.44  1
  2  783 440.00  0.00 800.00 12.90  1
  3  785 440.00  0.00 800.00 21.50  1
  4  589 330.00  0.00 800.00 52.00  0
  5  714 400.00  0.00 800.00 26.00  1
  6  589 340.00  0.00 800.00 26.00  1
  7  589 330.00  0.00 800.00 104.00  0
  8  589 310.00  0.00 800.00 26.00  1
  9  822 460.00  0.00 800.00 26.00  0
 10  785 440.00  0.00 800.00 21.50  0
 11  732 410.00  0.00 800.00 26.00  0
 12  732 400.00  0.00 800.00 21.50  0
 13  623 350.00  0.00 800.00 21.50  1
 14  786 440.00  0.00 800.00 26.00  0
 15  768 430.00  0.00 800.00 26.00  0
 16  730 410.00  0.00 800.00 17.20  0
 17  623 350.00  0.00 800.00 21.50  1
 18  641 360.00  0.00 800.00 21.50  1
 19  641 350.00  0.00 800.00 17.20  0
