  0  989 550.00  0.00 800.00 520.00  1
  1 1223 680.00  0.00 800.00 520.00  0
  2 1115 620.00  0.00 800.00 520.00  0
  3 1043 580.00  0.00 800.00 520.00  0
  4  953 530.00  0.00 800.00 520.00  0
  5  826 460.00  0.00 800.00 260.00  0
  6    0  10.00  0.00 800.00  0.43  1
  7  679 380.00  0.00 800.00 52.00  0
  8 1421 790.00  0.00 800.00 520.00  0
  9  730 410.00  0.00 800.00 17.20  0
 10 1421 790.00  0.00 800.00 260.00  0
 11  744 420.00  0.00 800.00  6.44  0
 12  761 430.00  0.00 800.00  4.30  0
 13 1420 790.00  0.00 800.00 260.00  0
 14  724 410.00  0.00 800.00  3.00  0
 15  795 450.00  0.00 800.00  2.00  0
 16  759 430.00  0.00 800.00  2.00  0
 17  813 460.00  0.00 800.00  2.00  0
 18  813 460.00  0.00 800.00  3.00  0
 19  777 440.00  0.00 800.00  2.00  0
