  0  604 340.00  0.00 800.00 17.20  1
  1  593 330.00  0.00 800.00 520.00  0
  2  769 430.00  0.00 800.00 52.00  1
  3  735 410.00  0.00 800.00 156.00  0
  4  698 390.00  0.00 800.00 104.00  0
  5  608 340.00  0.00 800.00 104.00  0
  6  751 420.00  0.00 800.00 52.00  0
  7  625 350.00  0.00 800.00 52.00  0
  8  695 390.00  0.00 800.00 21.50  0
  9 1421 790.00  0.00 800.00 520.00  0
 10  620 350.00  0.00 800.00 10.80  0
 11 1421 790.00  0.00 800.00 260.00  0
 12  654 370.00  0.00 800.00  6.44  0
 13 1421 770.00  0.00 800.00 260.00  0
 14  707 400.00  0.00 800.00  4.30  1
 15 1421 790.00  0.00 800.00 260.00  0
 16  654 370.00  0.00 800.00  6.44  1
 17  673 380.00  0.00 800.00  8.60  0
 18  618 350.00  0.00 800.00  6.44  1
 19  636 360.00  0.00 800.00  6.44  1
