  0 1036 580.00  0.00 800.00 17.20  1
  1  791 440.00  0.00 800.00 520.00  0
  2  753 420.00  0.00 800.00 156.00  0
  3  698 390.00  0.00 800.00 104.00  0
  4  769 430.00  0.00 800.00 52.00  1
  5  608 340.00  0.00 800.00 104.00  0
  6  751 420.00  0.00 800.00 52.00  1
  7  626 350.00  0.00 800.00 104.00  0
  8  751 400.00  0.00 800.00 104.00  0
  9  751 430.00  0.00 800.00 104.00  0
 10  751 430.00  0.00 800.00 26.00  1
 11  751 420.00  0.00 800.00 104.00  0
 12  751 430.00  0.00 800.00 26.00  1
 13  751 440.00  0.00 800.00 26.00  1
 14  859 480.00  0.00 800.00 52.00  1
 15  626 350.00  0.00 800.00 104.00  0
 16  626 360.00  0.00 800.00 52.00  0
 17  679 380.00  0.00 800.00 52.00  0
 18  499 280.00  0.00 800.00 52.00  1
 19  571 320.00  0.00 800.00 52.00  1
