  0  427 240.00  0.00 800.00 52.00  0
  1  707 400.00  0.00 800.00  4.30  0
  2  705 400.00  0.00 800.00  2.00  0
  3  597 340.00  0.00 800.00  2.00  0
  4  758 430.00  0.00 800.00  1.00  1
  5  615 350.00  0.00 800.00  2.00  0
  6  740 420.00  0.00 800.00  1.00  1
  7  740 420.00  0.00 800.00  0.71  1
  8  615 350.00  0.00 800.00  2.00  0
  9  740 420.00  0.00 800.00  0.71  1
 10  758 430.00  0.00 800.00  1.00  1
 11  758 430.00  0.00 800.00  0.71  1
 12  758 440.00  0.00 800.00  2.00  0
 13  758 410.00  0.00 800.00  0.71  1
 14  597 340.00  0.00 800.00  2.00  0
 15  758 440.00  0.00 800.00  2.00  0
 16  758 430.00  0.00 800.00  2.00  0
 17  758 420.00  0.00 800.00  0.71  1
 18  758 420.00  0.00 800.00  2.00  0
 19  758 410.00  0.00 800.00  2.00  0
