  0  850 480.00  0.00 800.00  3.00  0
  1  687 390.00  0.00 800.00  2.00  1
  2  742 420.00  0.00 800.00  3.00  1
  3  725 410.00  0.00 800.00  4.30  1
  4  550 310.00  0.00 800.00 17.20  0
  5  690 390.00  0.00 800.00  6.44  1
  6 1040 580.00  0.00 800.00 104.00  0
  7  783 440.00  0.00 800.00 12.90  0
  8  781 440.00  0.00 800.00  8.60  0
  9  672 380.00  0.00 800.00  6.44  1
 10  709 400.00  0.00 800.00  8.60  0
 11  780 440.00  0.00 800.00  6.44  1
 12  980 550.00  0.00 800.00 10.80  1
 13 1421 790.00  0.00 800.00 520.00  0
 14 1421 790.00  0.00 800.00 260.00  0
 15 1421 790.00  0.00 800.00 260.00  0
 16 1421 770.00  0.00 800.00 260.00  0
 17 1421 790.00  0.00 800.00 260.00  0
 18  873 490.00  0.00 800.00 12.90  0
 19  926 520.00  0.00 800.00 10.80  0
