  0   65  40.00  0.00 800.00 21.50  0
  1  758 430.00  0.00 800.00  1.00  1
  2  615 350.00  0.00 800.00  2.00  1
  3  670 380.00  0.00 800.00  3.00  1
  4 1166 650.00  0.00 800.00 104.00  0
  5 1420 790.00  0.00 800.00 260.00  0
  6  690 390.00  0.00 800.00  6.44  1
  7 1421 790.00  0.00 800.00 520.00  0
  8  801 450.00  0.00 800.00 12.90  1
  9    0  10.00  0.00 800.00  0.43  1
 10  822 460.00  0.00 800.00 26.00  0
 11  748 420.00  0.00 800.00 17.20  1
 12 1421 790.00  0.00 800.00 520.00  0
 13  840 470.00  0.00 800.00 26.00  1
 14  859 480.00  0.00 800.00 52.00  1
 15    0  10.00  0.00 800.00  0.43  1
 16  788 440.00  0.00 800.00 104.00  0
 17  787 440.00  0.00 800.00 52.00  0
 18    0  10.00  0.00 800.00  0.43  1
 19  679 380.00  0.00 800.00 52.00  0
