  0    5  10.00  0.00 800.00  4.30  1
  1  698 390.00  0.00 800.00 104.00  0
  2  745 420.00  0.00 800.00  8.60  1
  3  732 410.00  0.00 800.00 26.00  0
  4  783 440.00  0.00 800.00 12.90  1
  5  695 390.00  0.00 800.00 21.50  0
  6  676 380.00  0.00 800.00 17.20  0
  7  694 390.00  0.00 800.00 17.20  0
  8  710 400.00  0.00 800.00 10.80  1
  9  712 400.00  0.00 800.00 17.20  0
 10  728 410.00  0.00 800.00 10.80  1
 11  712 400.00  0.00 800.00 21.50  0
 12  728 400.00  0.00 800.00  8.60  1
 13  801 450.00  0.00 800.00 12.90  1
 14  694 390.00  0.00 800.00 17.20  0
 15  712 400.00  0.00 800.00 17.20  0
 16  730 410.00  0.00 800.00 17.20  0
 17  710 400.00  0.00 800.00 10.80  1
 18  712 400.00  0.00 800.00 17.20  0
 19  657 370.00  0.00 800.00 12.90  1
