  0  480 270.00  0.00 800.00 26.00  1
  1  754 420.00  0.00 800.00 260.00  0
  2  769 430.00  0.00 800.00 52.00  1
  3  645 360.00  0.00 800.00 156.00  0
  4  698 390.00  0.00 800.00 104.00  1
  5  698 380.00  0.00 800.00 156.00  1
  6  664 370.00  0.00 800.00 260.00  0
  7  645 360.00  0.00 800.00 156.00  0
  8  572 320.00  0.00 800.00 104.00  0
  9    1  10.00  0.00 800.00  0.71  1
 10    2  10.00  0.00 800.00  1.00  1
 11    1  10.00  0.00 800.00  1.00  0
 12    3  10.00  0.00 800.00  2.00  1
 13    3  30.00  0.00 800.00  3.00  0
 14  716 400.00  0.00 800.00 104.00  0
 15 1419 790.00  0.00 800.00 156.00  1
 16  716 380.00  0.00 800.00 52.00  1
 17  716 390.00  0.00 800.00 156.00  1
 18  716 400.00  0.00 800.00 156.00  1
 19  716 410.00  0.00 800.00 52.00  1
