  0  722 410.00  0.00 800.00  1.00  1
  1  698 390.00  0.00 800.00 104.00  1
  2  881 490.00  0.00 800.00 520.00  1
  3 1187 660.00  0.00 800.00 520.00  0
  4 1043 580.00  0.00 800.00 520.00  0
  5  971 540.00  0.00 800.00 520.00  1
  6 1061 590.00  0.00 800.00 520.00  0
  7  953 530.00  0.00 800.00 520.00  1
  8 1061 570.00  0.00 800.00 260.00  1
  9 1061 580.00  0.00 800.00 260.00  1
 10 1061 580.00  0.00 800.00 260.00  1
 11 1061 610.00  0.00 800.00 260.00  1
 12 1061 570.00  0.00 800.00 260.00  1
 13 1061 610.00  0.00 800.00 260.00  1
 14 1061 610.00  0.00 800.00 260.00  1
 15 1061 600.00  0.00 800.00 260.00  1
 16 1061 580.00  0.00 800.00 260.00  1
 17 1061 590.00  0.00 800.00 260.00  1
 18 1061 570.00  0.00 800.00 260.00  1
 19 1061 600.00  0.00 800.00 260.00  1
