  0  861 480.00  0.00 800.00 156.00  1
  1 1043 580.00  0.00 800.00 520.00  1
  2 1241 690.00  0.00 800.00 520.00  1
  3 1313 730.00  0.00 800.00 520.00  1
  4 1331 740.00  0.00 800.00 520.00  1
  5 1331 730.00  0.00 800.00 260.00  0
  6   17  10.00  0.00 800.00 520.00  1
  7 1079 600.00  0.00 800.00 520.00  0
  8   15  10.00  0.00 800.00 156.00  1
  9   14  10.00  0.00 800.00 104.00  1
 10   14  10.00  0.00 800.00 52.00  1
 11   14  10.00  0.00 800.00 52.00  1
 12   13  10.00  0.00 800.00 52.00  1
 13  971 540.00  0.00 800.00 520.00  1
 14  971 540.00  0.00 800.00 260.00  1
 15 1007 560.00  0.00 800.00 520.00  1
 16 1043 580.00  0.00 800.00 520.00  1
 17 1043 580.00  0.00 800.00 260.00  1
 18 1061 590.00  0.00 800.00 520.00  1
 19 1043 560.00  0.00 800.00 260.00  1
