trialNum matrixIndex leftValue leftTime rightValue rightTime choice
  0   27  20.00  0.00 800.00 12.90  1
  1  645 360.00  0.00 800.00 156.00  0
  2  693 390.00  0.00 800.00 12.90  1
  3  822 460.00  0.00 800.00 26.00  0
  4  695 390.00  0.00 800.00 21.50  0
  5  783 440.00  0.00 800.00 12.90  1
  6  676 380.00  0.00 800.00 17.20  1
  7  713 400.00  0.00 800.00 21.50  0
  8  676 390.00  0.00 800.00 21.50  0
  9  676 390.00  0.00 800.00 12.90  1
 10  676 400.00  0.00 800.00 21.50  0
 11  783 440.00  0.00 800.00 12.90  1
 12  605 340.00  0.00 800.00 21.50  1
 13  695 390.00  0.00 800.00 21.50  1
 14  713 400.00  0.00 800.00 21.50  0
 15  642 360.00  0.00 800.00 26.00  0
 16  784 440.00  0.00 800.00 17.20  1
 17  731 410.00  0.00 800.00 21.50  0
 18  731 420.00  0.00 800.00 26.00  0
 19  802 450.00  0.00 800.00 17.20  1
