trialNum matrixIndex leftValue leftTime rightValue rightTime choice
  0   17  10.00  0.00 800.00 520.00  1
  1  753 420.00  0.00 800.00 156.00  0
  2  732 410.00  0.00 800.00 26.00  1
  3  608 340.00  0.00 800.00 104.00  0
  4  661 370.00  0.00 800.00 52.00  1
  5  769 430.00  0.00 800.00 52.00  1
  6  626 350.00  0.00 800.00 104.00  0
  7  751 420.00  0.00 800.00 52.00  1
  8  626 340.00  0.00 800.00 52.00  1
  9  626 340.00  0.00 800.00 52.00  1
 10  626 330.00  0.00 800.00 156.00  0
 11  859 480.00  0.00 800.00 52.00  1
 12  626 350.00  0.00 800.00 52.00  1
 13  626 350.00  0.00 800.00 52.00  1
 14  626 360.00  0.00 800.00 156.00  0
 15  608 340.00  0.00 800.00 104.00  0
 16  626 340.00  0.00 800.00 52.00  1
 17  626 340.00  0.00 800.00 156.00  0
 18  626 350.00  0.00 800.00 156.00  0
 19  626 330.00  0.00 800.00 52.00  1
