  0   17  10.00  0.00 800.00 520.00  0
  1  617 350.00  0.00 800.00  4.30  1
  2  655 370.00  0.00 800.00  8.60  1
  3  604 340.00  0.00 800.00 17.20  1
  4  642 360.00  0.00 800.00 26.00  1
  5  607 340.00  0.00 800.00 52.00  1
  6  644 360.00  0.00 800.00 104.00  0
  7  769 430.00  0.00 800.00 52.00  1
  8  824 460.00  0.00 800.00 104.00  0
  9  716 400.00  0.00 800.00 104.00  0
 10  751 420.00  0.00 800.00 52.00  1
 11  679 380.00  0.00 800.00 52.00  1
 12  698 390.00  0.00 800.00 104.00  0
 13  733 410.00  0.00 800.00 52.00  1
 14  662 370.00  0.00 800.00 104.00  0
 15  662 360.00  0.00 800.00 52.00  1
 16  662 380.00  0.00 800.00 52.00  1
 17  644 360.00  0.00 800.00 104.00  0
 18  662 390.00  0.00 800.00 52.00  1
 19  662 380.00  0.00 800.00 52.00  1
