  0  833 470.00  0.00 800.00  4.30  0
  1  652 370.00  0.00 800.00  3.00  0
  2  597 340.00  0.00 800.00  2.00  0
  3  758 430.00  0.00 800.00  1.00  0
  4  776 440.00  0.00 800.00  1.00  0
  5  776 450.00  0.00 800.00  2.00  0
  6  758 430.00  0.00 800.00  1.00  0
  7  776 420.00  0.00 800.00  2.00  0
  8  758 430.00  0.00 800.00  0.71  0
  9  723 410.00  0.00 800.00  2.00  0
 10  848 480.00  0.00 800.00  1.00  0
 11  812 460.00  0.00 800.00  1.00  1
 12 1412 790.00  0.00 800.00 10.80  0
 13  831 470.00  0.00 800.00  2.00  0
 14  938 530.00  0.00 800.00  1.00  0
 15  866 490.00  0.00 800.00  1.00  0
 16  866 510.00  0.00 800.00  0.71  0
 17  866 510.00  0.00 800.00  0.71  0
 18  848 480.00  0.00 800.00  1.00  0
 19  830 470.00  0.00 800.00  1.00  0
