trialNum matrixIndex leftValue leftTime rightValue rightTime choice
  0  836 470.00  0.00 800.00 10.80  1
  1  611 340.00  0.00 800.00 520.00  0
  2  608 340.00  0.00 800.00 104.00  0
  3  822 460.00  0.00 800.00 26.00  1
  4  751 420.00  0.00 800.00 52.00  1
  5  751 440.00  0.00 800.00 104.00  0
  6  751 400.00  0.00 800.00 104.00  0
  7  751 410.00  0.00 800.00 26.00  1
  8  751 410.00  0.00 800.00 104.00  0
  9  751 420.00  0.00 800.00 104.00  0
 10  751 410.00  0.00 800.00 26.00  1
 11  751 420.00  0.00 800.00 104.00  0
 12  751 430.00  0.00 800.00 26.00  0
 13  679 380.00  0.00 800.00 52.00  1
 14  643 360.00  0.00 800.00 52.00  1
 15  769 430.00  0.00 800.00 52.00  1
 16  769 450.00  0.00 800.00 26.00  1
 17  751 420.00  0.00 800.00 52.00  0
 18  823 460.00  0.00 800.00 52.00  0
 19  805 450.00  0.00 800.00 52.00  0
