  0  836 470.00  0.00 800.00 10.80  1
  1  844 470.00  0.00 800.00 260.00  0
  2  608 340.00  0.00 800.00 104.00  0
  3  822 460.00  0.00 800.00 26.00  1
  4  751 420.00  0.00 800.00 52.00  0
  5  661 370.00  0.00 800.00 52.00  0
  6  804 450.00  0.00 800.00 26.00  1
  7  679 380.00  0.00 800.00 52.00  1
  8  661 370.00  0.00 800.00 52.00  1
  9  661 360.00  0.00 800.00 104.00  0
 10  661 380.00  0.00 800.00 26.00  1
 11  661 350.00  0.00 800.00 26.00  1
 12  661 370.00  0.00 800.00 26.00  1
 13  661 350.00  0.00 800.00 26.00  1
 14  661 360.00  0.00 800.00 26.00  1
 15  661 390.00  0.00 800.00 26.00  1
 16  661 370.00  0.00 800.00 104.00  0
 17  661 390.00  0.00 800.00 104.00  0
 18  661 390.00  0.00 800.00 26.00  1
 19  661 350.00  0.00 800.00 104.00  0
