  0  528 300.00  0.00 800.00  6.44  0
  1  705 400.00  0.00 800.00  2.00  1
  2  652 370.00  0.00 800.00  3.00  1
  3  742 420.00  0.00 800.00  3.00  1
  4  600 340.00  0.00 800.00  6.44  1
  5  642 360.00  0.00 800.00 26.00  0
  6  763 430.00  0.00 800.00  8.60  1
  7 1421 790.00  0.00 800.00 520.00  0
  8 1420 790.00  0.00 800.00 260.00  0
  9 1421 770.00  0.00 800.00 260.00  0
 10  749 420.00  0.00 800.00 21.50  0
 11  800 450.00  0.00 800.00 10.80  1
 12 1421 790.00  0.00 800.00 520.00  0
 13  856 480.00  0.00 800.00 17.20  0
 14  819 460.00  0.00 800.00 12.90  1
 15  893 500.00  0.00 800.00 21.50  0
 16  549 310.00  0.00 800.00 12.90  1
 17  910 510.00  0.00 800.00 17.20  0
 18  549 290.00  0.00 800.00 17.20  0
 19  530 300.00  0.00 800.00 10.80  1
