trialNum matrixIndex leftValue leftTime rightValue rightTime choice
  0  313 180.00  0.00 800.00  8.60  1
  1  753 420.00  0.00 800.00 156.00  0
  2  784 440.00  0.00 800.00 17.20  1
  3  769 430.00  0.00 800.00 52.00  0
  4  822 460.00  0.00 800.00 26.00  0
  5  732 410.00  0.00 800.00 26.00  0
  6  766 430.00  0.00 800.00 17.20  1
  7  732 420.00  0.00 800.00 52.00  0
  8  732 400.00  0.00 800.00 21.50  1
  9  732 390.00  0.00 800.00 21.50  1
 10  732 400.00  0.00 800.00 52.00  0
 11  732 400.00  0.00 800.00 52.00  0
 12  732 390.00  0.00 800.00 21.50  1
 13  732 420.00  0.00 800.00 21.50  1
 14  732 400.00  0.00 800.00 21.50  1
 15  732 410.00  0.00 800.00 52.00  0
 16  732 430.00  0.00 800.00 52.00  0
 17  732 410.00  0.00 800.00 52.00  0
 18  732 410.00  0.00 800.00 21.50  1
 19  732 410.00  0.00 800.00 21.50  1
