  0  743 420.00  0.00 800.00  4.30  0
  1  705 400.00  0.00 800.00  2.00  1
  2  742 420.00  0.00 800.00  3.00  1
  3  707 400.00  0.00 800.00  4.30  1
  4  584 330.00  0.00 800.00 10.80  1
  5  643 360.00  0.00 800.00 52.00  1
  6  718 400.00  0.00 800.00 260.00  0
  7    0  10.00  0.00 800.00  0.43  1
  8  734 410.00  0.00 800.00 104.00  1
  9    1  10.00  0.00 800.00  0.71  1
 10  791 440.00  0.00 800.00 520.00  0
 11  680 380.00  0.00 800.00 104.00  1
 12  808 450.00  0.00 800.00 260.00  0
 13  699 390.00  0.00 800.00 156.00  0
 14  590 330.00  0.00 800.00 104.00  1
 15    0  10.00  0.00 800.00  0.43  1
 16  771 430.00  0.00 800.00 156.00  0
 17  536 300.00  0.00 800.00 104.00  1
 18  825 460.00  0.00 800.00 156.00  0
 19  572 320.00  0.00 800.00 104.00  1
