  0  522 300.00  0.00 800.00  0.43  0
  1    0  10.00  0.00 800.00  0.43  1
  2    0  10.00  0.00 800.00  0.43  1
  3    0  10.00  0.00 800.00  0.43  1
  4    0  10.00  0.00 800.00  0.71  1
  5    0  30.00  0.00 800.00  0.71  1
  6  733 410.00  0.00 800.00 52.00  0
  7 1421 790.00  0.00 800.00 520.00  0
  8  799 450.00  0.00 800.00  8.60  0
  9  815 460.00  0.00 800.00  4.30  1
 10 1420 790.00  0.00 800.00 260.00  0
 11  744 420.00  0.00 800.00  6.44  1
 12 1421 790.00  0.00 800.00 520.00  0
 13  765 430.00  0.00 800.00 12.90  0
 14  708 400.00  0.00 800.00  6.44  1
 15  801 450.00  0.00 800.00 12.90  0
 16  673 380.00  0.00 800.00  8.60  1
 17  819 460.00  0.00 800.00 12.90  0
 18  655 370.00  0.00 800.00  8.60  1
 19  801 450.00  0.00 800.00 12.90  0
