trialNum matrixIndex leftValue leftTime rightValue rightTime choice
  0  236 140.00  0.00 800.00  1.00  1
  1  663 370.00  0.00 800.00 156.00  0
  2  693 390.00  0.00 800.00 12.90  1
  3  661 370.00  0.00 800.00 52.00  0
  4  784 440.00  0.00 800.00 17.20  0
  5  783 440.00  0.00 800.00 12.90  1
  6  713 400.00  0.00 800.00 21.50  0
  7  676 380.00  0.00 800.00 17.20  1
  8  713 420.00  0.00 800.00 26.00  0
  9  784 440.00  0.00 800.00 17.20  1
 10  713 380.00  0.00 800.00 17.20  1
 11  784 420.00  0.00 800.00 12.90  1
 12  784 440.00  0.00 800.00 12.90  1
 13  784 440.00  0.00 800.00 21.50  1
 14  804 450.00  0.00 800.00 26.00  1
 15  715 400.00  0.00 800.00 52.00  0
 16  912 510.00  0.00 800.00 26.00  0
 17  804 450.00  0.00 800.00 26.00  1
 18  787 440.00  0.00 800.00 52.00  0
 19  984 550.00  0.00 800.00 26.00  0
