trialNum matrixIndex leftValue leftTime rightValue rightTime choice
  0  496 280.00  0.00 800.00 17.20  1
  1  754 420.00  0.00 800.00 260.00  0
  2  769 430.00  0.00 800.00 52.00  0
  3  732 410.00  0.00 800.00 26.00  1
  4  661 370.00  0.00 800.00 52.00  1
  5  769 430.00  0.00 800.00 52.00  1
  6  662 370.00  0.00 800.00 104.00  0
  7  769 450.00  0.00 800.00 104.00  0
  8  751 420.00  0.00 800.00 52.00  1
  9  751 440.00  0.00 800.00 26.00  1
 10  751 420.00  0.00 800.00 26.00  1
 11  644 360.00  0.00 800.00 104.00  0
 12  751 440.00  0.00 800.00 104.00  0
 13  751 400.00  0.00 800.00 104.00  0
 14  751 400.00  0.00 800.00 26.00  1
 15  751 420.00  0.00 800.00 104.00  0
 16  751 410.00  0.00 800.00 26.00  1
 17  751 420.00  0.00 800.00 26.00  1
 18  751 430.00  0.00 800.00 26.00  1
 19  751 440.00  0.00 800.00 26.00  1
