  0 1141 640.00  0.00 800.00  8.60  0
  1  654 370.00  0.00 800.00  6.44  1
  2  605 340.00  0.00 800.00 21.50  1
  3  732 410.00  0.00 800.00 26.00  1
  4  679 380.00  0.00 800.00 52.00  1
  5  682 380.00  0.00 800.00 260.00  0
  6  662 370.00  0.00 800.00 104.00  1
  7  736 410.00  0.00 800.00 260.00  0
  8  663 370.00  0.00 800.00 156.00  1
  9  862 480.00  0.00 800.00 260.00  0
 10  735 410.00  0.00 800.00 156.00  1
 11  916 510.00  0.00 800.00 260.00  0
 12  609 340.00  0.00 800.00 156.00  1
 13  736 410.00  0.00 800.00 260.00  0
 14  735 410.00  0.00 800.00 156.00  1
 15  700 390.00  0.00 800.00 260.00  0
 16  699 390.00  0.00 800.00 156.00  1
 17  736 410.00  0.00 800.00 260.00  0
 18  699 410.00  0.00 800.00 260.00  0
 19  681 380.00  0.00 800.00 156.00  1
