  0 1218 680.00  0.00 800.00 26.00  0
  1  693 390.00  0.00 800.00 12.90  1
  2  661 370.00  0.00 800.00 52.00  1
  3  608 340.00  0.00 800.00 104.00  1
  4  663 370.00  0.00 800.00 156.00  1
  5  682 380.00  0.00 800.00 260.00  0
  6  753 420.00  0.00 800.00 156.00  1
  7  700 390.00  0.00 800.00 260.00  0
  8  735 410.00  0.00 800.00 156.00  1
  9  682 380.00  0.00 800.00 260.00  0
 10  735 420.00  0.00 800.00 260.00  0
 11  735 430.00  0.00 800.00 104.00  1
 12  735 390.00  0.00 800.00 104.00  1
 13  735 420.00  0.00 800.00 104.00  1
 14  735 400.00  0.00 800.00 104.00  1
 15  735 430.00  0.00 800.00 260.00  0
 16  735 410.00  0.00 800.00 104.00  1
 17  735 420.00  0.00 800.00 104.00  1
 18  735 390.00  0.00 800.00 104.00  1
 19  735 430.00  0.00 800.00 104.00  1
