  0   25  20.00  0.00 800.00  8.60  1
  1  753 420.00  0.00 800.00 156.00  0
  2  693 390.00  0.00 800.00 12.90  1
  3  679 380.00  0.00 800.00 52.00  1
  4  698 390.00  0.00 800.00 104.00  0
  5  769 430.00  0.00 800.00 52.00  1
  6  608 340.00  0.00 800.00 104.00  1
  7  608 320.00  0.00 800.00 52.00  1
  8  716 400.00  0.00 800.00 104.00  1
  9  698 390.00  0.00 800.00 104.00  0
 10  716 390.00  0.00 800.00 156.00  0
 11  716 410.00  0.00 800.00 52.00  1
 12  716 420.00  0.00 800.00 52.00  1
 13  716 410.00  0.00 800.00 156.00  1
 14  861 480.00  0.00 800.00 156.00  0
 15  807 450.00  0.00 800.00 156.00  0
 16  753 420.00  0.00 800.00 156.00  0
 17  662 370.00  0.00 800.00 104.00  1
 18  662 380.00  0.00 800.00 52.00  1
 19  860 480.00  0.00 800.00 104.00  1
