  0  579 330.00  0.00 800.00  2.00  0
  1  758 430.00  0.00 800.00  1.00  1
  2  669 380.00  0.00 800.00  2.00  1
  3  731 410.00  0.00 800.00 21.50  0
  4 1419 790.00  0.00 800.00 156.00  0
  5 1418 790.00  0.00 800.00 104.00  0
  6  689 390.00  0.00 800.00  4.30  1
  7 1421 790.00  0.00 800.00 520.00  0
  8  781 440.00  0.00 800.00  8.60  1
  9 1421 790.00  0.00 800.00 260.00  0
 10  840 470.00  0.00 800.00 26.00  0
 11 1421 770.00  0.00 800.00 260.00  0
 12  692 390.00  0.00 800.00 10.80  1
 13  784 440.00  0.00 800.00 17.20  0
 14  692 400.00  0.00 800.00  8.60  1
 15  856 480.00  0.00 800.00 17.20  0
 16  619 350.00  0.00 800.00  8.60  1
 17  820 460.00  0.00 800.00 17.20  0
 18  548 310.00  0.00 800.00 10.80  1
 19  838 470.00  0.00 800.00 17.20  0
