  0  964 540.00  0.00 800.00 17.20  1
  1  791 440.00  0.00 800.00 520.00  0
  2  663 370.00  0.00 800.00 156.00  0
  3  608 340.00  0.00 800.00 104.00  0
  4  679 380.00  0.00 800.00 52.00  0
  5  804 450.00  0.00 800.00 26.00  0
  6  731 410.00  0.00 800.00 21.50  0
  7  709 400.00  0.00 800.00  8.60  0
  8 1421 790.00  0.00 800.00 520.00  0
  9 1421 790.00  0.00 800.00 260.00  0
 10  672 380.00  0.00 800.00  6.44  0
 11 1421 790.00  0.00 800.00 260.00  0
 12  724 410.00  0.00 800.00  3.00  0
 13  742 420.00  0.00 800.00  3.00  0
 14  777 440.00  0.00 800.00  2.00  0
 15 1419 790.00  0.00 800.00 156.00  0
 16  777 420.00  0.00 800.00  1.00  0
 17  813 460.00  0.00 800.00  2.00  1
 18 1420 790.00  0.00 800.00 260.00  0
 19  759 430.00  0.00 800.00  2.00  0
