  0 1219 680.00  0.00 800.00 52.00  0
  1  676 380.00  0.00 800.00 17.20  1
  2  608 340.00  0.00 800.00 104.00  1
  3  753 420.00  0.00 800.00 156.00  0
  4  716 400.00  0.00 800.00 104.00  0
  5  841 470.00  0.00 800.00 52.00  1
  6  716 400.00  0.00 800.00 156.00  0
  7  716 410.00  0.00 800.00 156.00  0
  8  716 390.00  0.00 800.00 52.00  1
  9  716 420.00  0.00 800.00 156.00  0
 10  716 410.00  0.00 800.00 52.00  1
 11  716 420.00  0.00 800.00 156.00  0
 12  716 390.00  0.00 800.00 52.00  1
 13  716 400.00  0.00 800.00 156.00  0
 14  716 420.00  0.00 800.00 52.00  1
 15  716 380.00  0.00 800.00 52.00  1
 16  716 420.00  0.00 800.00 52.00  1
 17  716 390.00  0.00 800.00 156.00  0
 18  716 420.00  0.00 800.00 156.00  0
 19  716 380.00  0.00 800.00 156.00  0
