  0  360 210.00  0.00 800.00  0.43  1
  1  698 390.00  0.00 800.00 104.00  0
  2  745 420.00  0.00 800.00  8.60  0
  3  742 420.00  0.00 800.00  3.00  1
  4  654 370.00  0.00 800.00  6.44  1
  5  744 420.00  0.00 800.00  6.44  1
  6  674 380.00  0.00 800.00 10.80  1
  7  658 370.00  0.00 800.00 17.20  0
  8  656 370.00  0.00 800.00 10.80  0
  9  763 430.00  0.00 800.00  8.60  0
 10  692 390.00  0.00 800.00 10.80  1
 11  784 440.00  0.00 800.00 17.20  0
 12  745 420.00  0.00 800.00  8.60  1
 13  709 400.00  0.00 800.00  8.60  1
 14  691 390.00  0.00 800.00  8.60  1
 15  783 440.00  0.00 800.00 12.90  0
 16  709 400.00  0.00 800.00  8.60  1
 17  765 430.00  0.00 800.00 12.90  0
 18  620 350.00  0.00 800.00 10.80  1
 19  747 420.00  0.00 800.00 12.90  0
