  0 1396 780.00  0.00 800.00 17.20  1
  1 1169 650.00  0.00 800.00 520.00  0
  2  971 540.00  0.00 800.00 520.00  0
  3  791 440.00  0.00 800.00 520.00  0
  4  844 470.00  0.00 800.00 260.00  0
  5  825 460.00  0.00 800.00 156.00  0
  6  734 410.00  0.00 800.00 104.00  0
  7  625 350.00  0.00 800.00 52.00  0
  8    0  10.00  0.00 800.00  0.43  1
  9  641 360.00  0.00 800.00 21.50  0
 10 1421 790.00  0.00 800.00 520.00  0
 11  638 360.00  0.00 800.00 10.80  0
 12  672 380.00  0.00 800.00  6.44  0
 13 1421 790.00  0.00 800.00 520.00  0
 14  707 400.00  0.00 800.00  4.30  1
 15  672 380.00  0.00 800.00  6.44  0
 16  725 410.00  0.00 800.00  4.30  1
 17 1421 790.00  0.00 800.00 520.00  0
 18 1421 790.00  0.00 800.00 260.00  0
 19  725 410.00  0.00 800.00  4.30  1
