trialNum matrixIndex leftValue leftTime rightValue rightTime choice
  0  708 400.00  0.00 800.00  6.44  1
  1  790 440.00  0.00 800.00 260.00  0
  2  769 430.00  0.00 800.00 52.00  0
  3  695 390.00  0.00 800.00 21.50  1
  4  822 460.00  0.00 800.00 26.00  1
  5  661 370.00  0.00 800.00 52.00  0
  6  804 450.00  0.00 800.00 26.00  1
  7  679 380.00  0.00 800.00 52.00  0
  8  804 440.00  0.00 800.00 52.00  0
  9  804 470.00  0.00 800.00 52.00  0
 10  804 450.00  0.00 800.00 52.00  0
 11  804 450.00  0.00 800.00 52.00  0
 12  571 320.00  0.00 800.00 52.00  1
 13  661 370.00  0.00 800.00 52.00  1
 14  679 380.00  0.00 800.00 52.00  1
 15  661 350.00  0.00 800.00 26.00  1
 16  661 370.00  0.00 800.00 104.00  0
 17  661 370.00  0.00 800.00 26.00  1
 18  661 390.00  0.00 800.00 26.00  1
 19  661 360.00  0.00 800.00 26.00  1
 20  661 380.00  0.00 800.00 104.00  0
 21  661 360.00  0.00 800.00 104.00  0
 22  661 360.00  0.00 800.00 104.00  0
 23  661 380.00  0.00 800.00 26.00  1
 24  661 370.00  0.00 800.00 26.00  1
 25  661 360.00  0.00 800.00 26.00  1
 26  661 380.00  0.00 800.00 104.00  0
 27  661 380.00  0.00 800.00 26.00  1
 28  661 370.00  0.00 800.00 104.00  0
 29  661 390.00  0.00 800.00 104.00  0
 30  661 390.00  0.00 800.00 26.00  1
 31  661 360.00  0.00 800.00 104.00  0
 32  661 350.00  0.00 800.00 26.00  1
 33  661 350.00  0.00 800.00 26.00  1
 34  661 370.00  0.00 800.00 26.00  1
 35  661 380.00  0.00 800.00 104.00  0
 36  661 370.00  0.00 800.00 26.00  1
 37  661 350.00  0.00 800.00 26.00  1
 38  661 380.00  0.00 800.00 26.00  1
 39  661 360.00  0.00 800.00 26.00  1
 40  661 350.00  0.00 800.00 26.00  1
 41  661 350.00  0.00 800.00 26.00  0
