  0  559 320.00  0.00 800.00  0.71  0
  1    0  10.00  0.00 800.00  0.43  1
  2    0  10.00  0.00 800.00  0.43  1
  3    0  10.00  0.00 800.00  0.43  1
  4  768 430.00  0.00 800.00 26.00  1
  5    0  10.00  0.00 800.00  0.71  1
  6    0  10.00  0.00 800.00  0.71  1
  7  682 380.00  0.00 800.00 260.00  0
  8    0  20.00  0.00 800.00  0.71  1
  9  660 370.00  0.00 800.00 26.00  1
 10    0  10.00  0.00 800.00  0.71  1
 11  735 410.00  0.00 800.00 156.00  0
 12  679 380.00  0.00 800.00 52.00  1
 13  734 410.00  0.00 800.00 104.00  1
 14  808 450.00  0.00 800.00 260.00  0
 15  735 410.00  0.00 800.00 156.00  0
 16  644 360.00  0.00 800.00 104.00  1
 17    0  10.00  0.00 800.00  0.43  1
 18  698 390.00  0.00 800.00 104.00  1
 19  825 460.00  0.00 800.00 156.00  0
