  0  440 250.00  0.00 800.00 10.80  1
  1  754 420.00  0.00 800.00 260.00  0
  2  822 460.00  0.00 800.00 26.00  0
  3  693 390.00  0.00 800.00 12.90  0
  4  655 370.00  0.00 800.00  8.60  0
  5  654 370.00  0.00 800.00  6.44  0
  6  689 390.00  0.00 800.00  4.30  0
  7  670 380.00  0.00 800.00  3.00  1
  8  706 400.00  0.00 800.00  3.00  1
  9  707 400.00  0.00 800.00  4.30  0
 10  688 390.00  0.00 800.00  3.00  1
 11  725 410.00  0.00 800.00  4.30  0
 12  743 420.00  0.00 800.00  4.30  0
 13  706 400.00  0.00 800.00  3.00  1
 14  706 420.00  0.00 800.00  2.00  1
 15  725 410.00  0.00 800.00  4.30  0
 16  706 400.00  0.00 800.00  4.30  0
 17  706 410.00  0.00 800.00  4.30  0
 18  724 410.00  0.00 800.00  3.00  1
 19  724 410.00  0.00 800.00  4.30  0
