  0  310 180.00  0.00 800.00  3.00  0
  1 1421 790.00  0.00 800.00 520.00  0
  2  947 530.00  0.00 800.00 21.50  0
  3 1417 790.00  0.00 800.00 52.00  0
  4  705 400.00  0.00 800.00  2.00  1
  5 1421 790.00  0.00 800.00 520.00  0
  6 1421 780.00  0.00 800.00 260.00  0
  7  833 470.00  0.00 800.00  4.30  1
  8 1421 790.00  0.00 800.00 260.00  0
  9 1421 790.00  0.00 800.00 260.00  0
 10  799 450.00  0.00 800.00  8.60  0
 11  779 440.00  0.00 800.00  4.30  0
 12  724 410.00  0.00 800.00  3.00  1
 13  797 450.00  0.00 800.00  4.30  0
 14  706 400.00  0.00 800.00  3.00  0
 15 1420 790.00  0.00 800.00 260.00  0
 16  687 390.00  0.00 800.00  2.00  1
 17  634 360.00  0.00 800.00  3.00  1
 18  851 480.00  0.00 800.00  4.30  0
 19  544 310.00  0.00 800.00  3.00  1
