  0 1291 720.00  0.00 800.00 52.00  0
  1  695 390.00  0.00 800.00 21.50  1
  2  716 400.00  0.00 800.00 104.00  0
  3  661 370.00  0.00 800.00 52.00  0
  4  732 410.00  0.00 800.00 26.00  0
  5  766 430.00  0.00 800.00 17.20  0
  6  764 430.00  0.00 800.00 10.80  0
  7  672 380.00  0.00 800.00  6.44  0
  8 1420 790.00  0.00 800.00 260.00  0
  9  742 420.00  0.00 800.00  3.00  0
 10 1420 770.00  0.00 800.00 156.00  0
 11  670 380.00  0.00 800.00  3.00  0
 12 1420 780.00  0.00 800.00 520.00  0
 13  759 430.00  0.00 800.00  2.00  0
 14  831 470.00  0.00 800.00  2.00  0
 15  795 450.00  0.00 800.00  2.00  0
 16  831 460.00  0.00 800.00  1.00  1
 17  867 490.00  0.00 800.00  2.00  1
 18  579 330.00  0.00 800.00  2.00  1
 19  453 260.00  0.00 800.00  2.00  1
