  0 1185 660.00  0.00 800.00 156.00  0
  1  732 410.00  0.00 800.00 26.00  1
  2  753 420.00  0.00 800.00 156.00  0
  3  769 430.00  0.00 800.00 52.00  0
  4  661 370.00  0.00 800.00 52.00  1
  5  769 450.00  0.00 800.00 26.00  1
  6  769 410.00  0.00 800.00 26.00  0
  7    0  10.00  0.00 800.00  0.43  1
  8    0  30.00  0.00 800.00  0.71  1
  9 1421 790.00  0.00 800.00 520.00  0
 10  823 460.00  0.00 800.00 52.00  0
 11  624 350.00  0.00 800.00 26.00  1
 12  805 450.00  0.00 800.00 52.00  0
 13  696 390.00  0.00 800.00 26.00  1
 14  715 400.00  0.00 800.00 52.00  0
 15  804 450.00  0.00 800.00 26.00  1
 16  715 410.00  0.00 800.00 104.00  0
 17  697 390.00  0.00 800.00 52.00  1
 18  697 380.00  0.00 800.00 104.00  0
 19  679 380.00  0.00 800.00 52.00  1
