  0  416 240.00  0.00 800.00  1.00  0
  1    0  10.00  0.00 800.00  0.43  1
  2    0  10.00  0.00 800.00  0.43  1
  3    0  10.00  0.00 800.00  0.43  1
  4    0  10.00  0.00 800.00  0.71  1
  5  858 480.00  0.00 800.00 26.00  1
  6    0  20.00  0.00 800.00  0.71  1
  7    0  10.00  0.00 800.00  0.71  1
  8  682 380.00  0.00 800.00 260.00  0
  9    0  10.00  0.00 800.00  0.71  1
 10  605 340.00  0.00 800.00 21.50  1
 11  826 460.00  0.00 800.00 260.00  0
 12  625 350.00  0.00 800.00 52.00  1
 13  752 420.00  0.00 800.00 104.00  0
 14    0  10.00  0.00 800.00  0.43  1
 15  751 420.00  0.00 800.00 52.00  1
 16  770 430.00  0.00 800.00 104.00  0
 17  769 430.00  0.00 800.00 52.00  1
 18  770 430.00  0.00 800.00 156.00  0
 19  626 350.00  0.00 800.00 104.00  0
