  0  830 470.00  0.00 800.00  1.00  1
  1  698 390.00  0.00 800.00 104.00  0
  2  693 390.00  0.00 800.00 12.90  1
  3  822 460.00  0.00 800.00 26.00  1
  4  769 430.00  0.00 800.00 52.00  1
  5  608 340.00  0.00 800.00 104.00  0
  6  751 420.00  0.00 800.00 52.00  1
  7  626 350.00  0.00 800.00 104.00  0
  8  751 420.00  0.00 800.00 26.00  1
  9  626 350.00  0.00 800.00 156.00  0
 10  626 340.00  0.00 800.00 156.00  0
 11  751 420.00  0.00 800.00 52.00  1
 12  859 480.00  0.00 800.00 52.00  1
 13  626 350.00  0.00 800.00 104.00  0
 14  626 360.00  0.00 800.00 52.00  1
 15  626 360.00  0.00 800.00 156.00  0
 16  626 370.00  0.00 800.00 52.00  1
 17  626 340.00  0.00 800.00 52.00  1
 18  626 360.00  0.00 800.00 52.00  1
 19  626 370.00  0.00 800.00 52.00  1
