  0  644 360.00  0.00 800.00 104.00  0
  1  656 370.00  0.00 800.00 10.80  0
  2  742 420.00  0.00 800.00  3.00  1
  3  654 370.00  0.00 800.00  6.44  0
  4  707 400.00  0.00 800.00  4.30  1
  5  672 380.00  0.00 800.00  6.44  0
  6  689 390.00  0.00 800.00  4.30  0
  7  707 400.00  0.00 800.00  4.30  0
  8  670 380.00  0.00 800.00  3.00  1
  9  725 410.00  0.00 800.00  4.30  0
 10  688 390.00  0.00 800.00  3.00  1
 11  725 430.00  0.00 800.00  3.00  1
 12  725 400.00  0.00 800.00  6.44  0
 13  725 420.00  0.00 800.00  3.00  1
 14  725 420.00  0.00 800.00  6.44  0
 15  725 430.00  0.00 800.00  6.44  0
 16  725 420.00  0.00 800.00  3.00  1
 17  725 390.00  0.00 800.00  6.44  0
 18  707 400.00  0.00 800.00  4.30  0
 19  725 390.00  0.00 800.00  6.44  0
