  0 1067 600.00  0.00 800.00  4.30  0
  1  742 420.00  0.00 800.00  3.00  1
  2  744 420.00  0.00 800.00  6.44  1
  3  745 420.00  0.00 800.00  8.60  1
  4  604 340.00  0.00 800.00 17.20  1
  5  553 310.00  0.00 800.00 52.00  0
  6  712 400.00  0.00 800.00 17.20  1
  7  661 370.00  0.00 800.00 52.00  0
  8  731 410.00  0.00 800.00 21.50  1
  9  733 410.00  0.00 800.00 52.00  0
 10  768 430.00  0.00 800.00 26.00  1
 11  787 440.00  0.00 800.00 52.00  0
 12  769 430.00  0.00 800.00 52.00  0
 13  714 400.00  0.00 800.00 26.00  0
 14  587 330.00  0.00 800.00 21.50  1
 15  732 410.00  0.00 800.00 26.00  0
 16  876 490.00  0.00 800.00 26.00  0
 17  641 360.00  0.00 800.00 21.50  0
 18  568 320.00  0.00 800.00 17.20  0
 19 1421 790.00  0.00 800.00 520.00  0
