  0  352 200.00  0.00 800.00 17.20  1
  1  664 370.00  0.00 800.00 260.00  0
  2  822 460.00  0.00 800.00 26.00  0
  3  693 390.00  0.00 800.00 12.90  0
  4  655 370.00  0.00 800.00  8.60  0
  5  779 440.00  0.00 800.00  4.30  1
  6  655 350.00  0.00 800.00  6.44  0
  7  706 400.00  0.00 800.00  3.00  1
  8  654 370.00  0.00 800.00  6.44  0
  9  617 350.00  0.00 800.00  4.30  1
 10  672 380.00  0.00 800.00  6.44  0
 11  653 370.00  0.00 800.00  4.30  1
 12  690 390.00  0.00 800.00  6.44  0
 13  671 380.00  0.00 800.00  4.30  1
 14  690 400.00  0.00 800.00  4.30  1
 15  690 410.00  0.00 800.00  8.60  0
 16  672 380.00  0.00 800.00  6.44  0
 17  672 400.00  0.00 800.00  8.60  0
 18  672 360.00  0.00 800.00  8.60  0
 19  689 390.00  0.00 800.00  4.30  1
