  0 1321 740.00  0.00 800.00  8.60  1
  1  971 540.00  0.00 800.00 520.00  0
  2  754 420.00  0.00 800.00 260.00  0
  3  753 420.00  0.00 800.00 156.00  0
  4  788 440.00  0.00 800.00 104.00  0
  5  698 390.00  0.00 800.00 104.00  0
  6  841 470.00  0.00 800.00 52.00  0
  7  661 370.00  0.00 800.00 52.00  0
  8  713 400.00  0.00 800.00 21.50  0
  9  674 380.00  0.00 800.00 10.80  0
 10 1421 790.00  0.00 800.00 520.00  0
 11  654 370.00  0.00 800.00  6.44  1
 12  619 350.00  0.00 800.00  8.60  1
 13  639 360.00  0.00 800.00 12.90  0
 14 1421 790.00  0.00 800.00 520.00  0
 15  565 320.00  0.00 800.00  8.60  1
 16  819 460.00  0.00 800.00 12.90  0
 17  529 300.00  0.00 800.00  8.60  1
 18  601 340.00  0.00 800.00  8.60  1
 19  891 500.00  0.00 800.00 12.90  0
