  0  735 410.00  0.00 800.00 156.00  0
  1  676 380.00  0.00 800.00 17.20  0
  2  707 400.00  0.00 800.00  4.30  0
  3  705 400.00  0.00 800.00  2.00  0
  4  597 340.00  0.00 800.00  2.00  0
  5  758 430.00  0.00 800.00  1.00  0
  6  758 420.00  0.00 800.00  2.00  0
  7  758 410.00  0.00 800.00  2.00  0
  8  758 420.00  0.00 800.00  2.00  0
  9  758 410.00  0.00 800.00  0.71  0
 10  938 530.00  0.00 800.00  1.00  0
 11  884 500.00  0.00 800.00  1.00  0
 12  848 480.00  0.00 800.00  1.00  0
 13  830 470.00  0.00 800.00  1.00  0
 14  830 480.00  0.00 800.00  2.00  0
 15  830 480.00  0.00 800.00  2.00  0
 16  812 460.00  0.00 800.00  1.00  0
 17  812 460.00  0.00 800.00  0.71  0
 18  830 470.00  0.00 800.00  1.00  0
 19  812 450.00  0.00 800.00  0.71  0
