  0 1101 620.00  0.00 800.00  2.00  0
  1  652 370.00  0.00 800.00  3.00  1
  2  707 400.00  0.00 800.00  4.30  1
  3  654 370.00  0.00 800.00  6.44  1
  4  514 290.00  0.00 800.00 17.20  1
  5  627 350.00  0.00 800.00 156.00  1
  6  773 430.00  0.00 800.00 520.00  1
  7  953 530.00  0.00 800.00 520.00  1
  8 1007 560.00  0.00 800.00 520.00  1
  9 1025 570.00  0.00 800.00 520.00  1
 10  989 550.00  0.00 800.00 520.00  1
 11 1007 560.00  0.00 800.00 520.00  1
 12 1079 600.00  0.00 800.00 520.00  1
 13 1079 620.00  0.00 800.00 260.00  1
 14 1115 620.00  0.00 800.00 520.00  1
 15 1169 650.00  0.00 800.00 520.00  1
 16 1115 620.00  0.00 800.00 260.00  1
 17 1151 640.00  0.00 800.00 520.00  1
 18 1133 630.00  0.00 800.00 520.00  1
 19 1133 620.00  0.00 800.00 260.00  1
