  0  254 150.00  0.00 800.00  1.00  1
  1  698 390.00  0.00 800.00 104.00  0
  2  656 370.00  0.00 800.00 10.80  0
  3  742 420.00  0.00 800.00  3.00  1
  4  654 370.00  0.00 800.00  6.44  0
  5  707 400.00  0.00 800.00  4.30  1
  6  672 380.00  0.00 800.00  6.44  0
  7  689 390.00  0.00 800.00  4.30  1
  8  672 400.00  0.00 800.00  8.60  0
  9  689 400.00  0.00 800.00  6.44  0
 10  707 400.00  0.00 800.00  4.30  1
 11  565 320.00  0.00 800.00  8.60  1
 12  672 380.00  0.00 800.00  6.44  1
 13  654 370.00  0.00 800.00  6.44  1
 14  636 360.00  0.00 800.00  6.44  1
 15  636 350.00  0.00 800.00  4.30  1
 16  636 370.00  0.00 800.00  4.30  1
 17  636 380.00  0.00 800.00  4.30  1
 18  636 370.00  0.00 800.00  4.30  1
 19  636 380.00  0.00 800.00  8.60  1
