  0 1274 710.00  0.00 800.00 104.00  1
  1 1187 660.00  0.00 800.00 520.00  0
  2 1043 580.00  0.00 800.00 520.00  0
  3  971 540.00  0.00 800.00 520.00  0
  4  881 490.00  0.00 800.00 520.00  0
  5  773 430.00  0.00 800.00 520.00  0
  6  808 450.00  0.00 800.00 260.00  0
  7  680 380.00  0.00 800.00 104.00  0
  8    0  10.00  0.00 800.00  0.43  1
  9  624 350.00  0.00 800.00 26.00  0
 10 1421 790.00  0.00 800.00 520.00  0
 11  729 410.00  0.00 800.00 12.90  0
 12 1421 790.00  0.00 800.00 260.00  0
 13  726 410.00  0.00 800.00  6.44  1
 14  710 400.00  0.00 800.00 10.80  1
 15  749 420.00  0.00 800.00 21.50  0
 16 1421 790.00  0.00 800.00 520.00  0
 17  692 390.00  0.00 800.00 10.80  1
 18  748 420.00  0.00 800.00 17.20  0
 19  675 380.00  0.00 800.00 12.90  0
