  0  537 300.00  0.00 800.00 156.00  0
  1  656 370.00  0.00 800.00 10.80  1
  2  732 410.00  0.00 800.00 26.00  0
  3  783 440.00  0.00 800.00 12.90  1
  4  695 390.00  0.00 800.00 21.50  0
  5  676 380.00  0.00 800.00 17.20  0
  6  694 390.00  0.00 800.00 17.20  1
  7  658 370.00  0.00 800.00 17.20  1
  8  750 420.00  0.00 800.00 26.00  0
  9  658 390.00  0.00 800.00 12.90  0
 10 1419 790.00  0.00 800.00 156.00  0
 11 1420 790.00  0.00 800.00 260.00  0
 12  566 320.00  0.00 800.00 10.80  1
 13  620 350.00  0.00 800.00 10.80  1
 14  785 440.00  0.00 800.00 21.50  0
 15  694 390.00  0.00 800.00 17.20  1
 16  658 370.00  0.00 800.00 17.20  1
 17  803 450.00  0.00 800.00 21.50  1
 18  966 540.00  0.00 800.00 26.00  0
 19  876 490.00  0.00 800.00 26.00  0
