  0  218 130.00  0.00 800.00  1.00  0
  1    0  10.00  0.00 800.00  0.43  1
  2    0  10.00  0.00 800.00  0.43  1
  3    0  10.00  0.00 800.00  0.43  1
  4    0  30.00  0.00 800.00  0.71  1
  5    0  10.00  0.00 800.00  0.71  1
  6  895 500.00  0.00 800.00 52.00  1
  7    0  10.00  0.00 800.00  0.71  1
  8    0  10.00  0.00 800.00  0.71  1
  9    0  30.00  0.00 800.00  0.71  1
 10  628 350.00  0.00 800.00 260.00  0
 11  587 330.00  0.00 800.00 21.50  1
 12    0  10.00  0.00 800.00  0.43  1
 13  790 440.00  0.00 800.00 260.00  0
 14  643 360.00  0.00 800.00 52.00  1
 15  753 420.00  0.00 800.00 156.00  0
 16  661 370.00  0.00 800.00 52.00  1
 17    0  10.00  0.00 800.00  0.43  1
 18  752 420.00  0.00 800.00 104.00  0
 19  662 370.00  0.00 800.00 104.00  0
