trialNum matrixIndex leftValue leftTime rightValue rightTime choice
  0  633 360.00  0.00 800.00  2.00  1
  1  698 390.00  0.00 800.00 104.00  1
  2  971 540.00  0.00 800.00 520.00  0
  3  754 420.00  0.00 800.00 260.00  0
  4  753 420.00  0.00 800.00 156.00  1
  5  664 370.00  0.00 800.00 260.00  0
  6  735 410.00  0.00 800.00 156.00  1
  7  664 380.00  0.00 800.00 156.00  1
  8  664 370.00  0.00 800.00 156.00  1
  9  664 380.00  0.00 800.00 520.00  0
 10  664 360.00  0.00 800.00 156.00  1
 11  664 350.00  0.00 800.00 156.00  1
 12  664 360.00  0.00 800.00 520.00  0
 13  664 380.00  0.00 800.00 156.00  1
 14  664 380.00  0.00 800.00 156.00  1
 15  664 360.00  0.00 800.00 520.00  0
 16  664 370.00  0.00 800.00 156.00  1
 17  664 380.00  0.00 800.00 520.00  0
 18  664 350.00  0.00 800.00 156.00  1
 19  664 370.00  0.00 800.00 156.00  1
