  0  128  80.00  0.00 800.00  1.00  1
  1  698 390.00  0.00 800.00 104.00  0
  2  656 370.00  0.00 800.00 10.80  1
  3  732 410.00  0.00 800.00 26.00  1
  4  679 380.00  0.00 800.00 52.00  0
  5  822 460.00  0.00 800.00 26.00  1
  6  679 400.00  0.00 800.00 104.00  0
  7  679 370.00  0.00 800.00 104.00  0
  8  679 380.00  0.00 800.00 26.00  1
  9  679 390.00  0.00 800.00 104.00  0
 10  679 390.00  0.00 800.00 26.00  1
 11  679 380.00  0.00 800.00 26.00  1
 12  679 400.00  0.00 800.00 26.00  1
 13  679 370.00  0.00 800.00 26.00  1
 14  679 400.00  0.00 800.00 104.00  0
 15  679 370.00  0.00 800.00 104.00  0
 16  679 390.00  0.00 800.00 104.00  0
 17  679 370.00  0.00 800.00 104.00  0
 18  679 370.00  0.00 800.00 104.00  0
 19  679 390.00  0.00 800.00 26.00  1
