  0  672 380.00  0.00 800.00  6.44  1
  1  754 420.00  0.00 800.00 260.00  0
  2  661 370.00  0.00 800.00 52.00  0
  3  783 440.00  0.00 800.00 12.90  0
  4  745 420.00  0.00 800.00  8.60  0
  5  744 420.00  0.00 800.00  6.44  0
  6  779 440.00  0.00 800.00  4.30  0
  7  760 430.00  0.00 800.00  3.00  0
  8  723 410.00  0.00 800.00  2.00  0
  9 1418 790.00  0.00 800.00 104.00  0
 10 1418 790.00  0.00 800.00 52.00  0
 11  669 380.00  0.00 800.00  2.00  0
 12  777 440.00  0.00 800.00  2.00  0
 13  885 500.00  0.00 800.00  2.00  0
 14  849 480.00  0.00 800.00  2.00  0
 15  597 340.00  0.00 800.00  2.00  0
 16  849 470.00  0.00 800.00  1.00  0
 17  813 460.00  0.00 800.00  2.00  0
 18 1064 600.00  0.00 800.00  1.00  0
 19 1046 590.00  0.00 800.00  1.00  0
