  0  475 270.00  0.00 800.00  8.60  0
  1  705 400.00  0.00 800.00  2.00  1
  2  652 370.00  0.00 800.00  3.00  1
  3  742 420.00  0.00 800.00  3.00  1
  4  725 410.00  0.00 800.00  4.30  1
  5  602 340.00  0.00 800.00 10.80  1
  6  715 400.00  0.00 800.00 52.00  1
  7    0  10.00  0.00 800.00  0.43  1
  8  718 400.00  0.00 800.00 260.00  0
  9    0  10.00  0.00 800.00  0.71  1
 10  734 410.00  0.00 800.00 104.00  0
 11    0  10.00  0.00 800.00  0.71  1
 12  750 420.00  0.00 800.00 26.00  1
 13  733 410.00  0.00 800.00 52.00  1
 14  770 430.00  0.00 800.00 104.00  0
 15    0  10.00  0.00 800.00  0.43  1
 16  733 410.00  0.00 800.00 52.00  1
 17  806 450.00  0.00 800.00 104.00  0
 18  715 400.00  0.00 800.00 52.00  1
 19  806 430.00  0.00 800.00 156.00  0
