trialNum matrixIndex leftValue leftTime rightValue rightTime choice
  0  869 490.00  0.00 800.00  4.30  1
  1  754 420.00  0.00 800.00 260.00  0
  2  661 370.00  0.00 800.00 52.00  1
  3  645 360.00  0.00 800.00 156.00  0
  4  608 340.00  0.00 800.00 104.00  0
  5  769 430.00  0.00 800.00 52.00  1
  6  626 350.00  0.00 800.00 104.00  0
  7  751 420.00  0.00 800.00 52.00  0
  8  769 430.00  0.00 800.00 52.00  0
  9  625 350.00  0.00 800.00 52.00  1
 10  769 420.00  0.00 800.00 26.00  1
 11  769 410.00  0.00 800.00 104.00  0
 12  769 450.00  0.00 800.00 104.00  0
 13  769 450.00  0.00 800.00 104.00  0
 14  769 450.00  0.00 800.00 26.00  1
 15  769 430.00  0.00 800.00 26.00  1
 16  769 440.00  0.00 800.00 26.00  1
 17  769 440.00  0.00 800.00 26.00  1
 18  769 420.00  0.00 800.00 104.00  0
 19  769 420.00  0.00 800.00 26.00  1
