  0 1085 610.00  0.00 800.00  4.30  0
  1  617 350.00  0.00 800.00  4.30  1
  2  744 420.00  0.00 800.00  6.44  1
  3  745 420.00  0.00 800.00  8.60  1
  4  604 340.00  0.00 800.00 17.20  0
  5  711 400.00  0.00 800.00 12.90  0
  6  656 370.00  0.00 800.00 10.80  1
  7  727 410.00  0.00 800.00  8.60  1
  8  764 430.00  0.00 800.00 10.80  1
  9  711 400.00  0.00 800.00 12.90  1
 10  660 370.00  0.00 800.00 26.00  0
 11  746 420.00  0.00 800.00 10.80  1
 12  766 430.00  0.00 800.00 17.20  0
 13  728 410.00  0.00 800.00 10.80  1
 14  728 390.00  0.00 800.00 12.90  1
 15  730 410.00  0.00 800.00 17.20  0
 16  728 410.00  0.00 800.00  8.60  1
 17  712 400.00  0.00 800.00 17.20  0
 18  675 380.00  0.00 800.00 12.90  1
 19  801 450.00  0.00 800.00 12.90  1
