  0  318 180.00  0.00 800.00 26.00  0
  1  652 370.00  0.00 800.00  3.00  1
  2  707 400.00  0.00 800.00  4.30  1
  3  654 370.00  0.00 800.00  6.44  1
  4  655 370.00  0.00 800.00  8.60  1
  5  639 360.00  0.00 800.00 12.90  1
  6  643 360.00  0.00 800.00 52.00  1
  7    0  10.00  0.00 800.00  0.43  1
  8  790 440.00  0.00 800.00 260.00  1
  9    4  10.00  0.00 800.00  3.00  1
 10  629 350.00  0.00 800.00 520.00  1
 11    6  10.00  0.00 800.00  6.44  1
 12  701 390.00  0.00 800.00 520.00  1
 13    9  10.00  0.00 800.00 12.90  1
 14  917 510.00  0.00 800.00 520.00  1
 15  971 540.00  0.00 800.00 520.00  1
 16   11  10.00  0.00 800.00 21.50  1
 17 1061 590.00  0.00 800.00 520.00  1
 18 1097 610.00  0.00 800.00 520.00  0
 19 1079 600.00  0.00 800.00 520.00  0
