trialNum matrixIndex leftValue leftTime rightValue rightTime choice
  0  573 320.00  0.00 800.00 156.00  0
  1  693 390.00  0.00 800.00 12.90  1
  2  822 460.00  0.00 800.00 26.00  0
  3  695 390.00  0.00 800.00 21.50  1
  4  732 410.00  0.00 800.00 26.00  0
  5  695 390.00  0.00 800.00 17.20  1
  6  695 370.00  0.00 800.00 17.20  1
  7  732 410.00  0.00 800.00 26.00  0
  8  695 380.00  0.00 800.00 17.20  1
  9  695 390.00  0.00 800.00 26.00  0
 10  695 380.00  0.00 800.00 26.00  0
 11  695 410.00  0.00 800.00 17.20  0
 12  713 400.00  0.00 800.00 21.50  0
 13  713 410.00  0.00 800.00 17.20  1
 14  713 410.00  0.00 800.00 26.00  0
 15  713 420.00  0.00 800.00 26.00  0
 16  713 420.00  0.00 800.00 17.20  1
 17  713 410.00  0.00 800.00 17.20  1
 18  713 420.00  0.00 800.00 17.20  1
 19  784 440.00  0.00 800.00 17.20  1
