  0  573 320.00  0.00 800.00 156.00  0
  1  656 370.00  0.00 800.00 10.80  1
  2  732 410.00  0.00 800.00 26.00  0
  3  783 440.00  0.00 800.00 12.90  0
  4  693 390.00  0.00 800.00 12.90  1
  5  746 420.00  0.00 800.00 10.80  1
  6  694 390.00  0.00 800.00 17.20  1
  7  676 380.00  0.00 800.00 17.20  1
  8  749 420.00  0.00 800.00 21.50  1
  9  751 420.00  0.00 800.00 52.00  0
 10  840 470.00  0.00 800.00 26.00  0
 11  786 440.00  0.00 800.00 26.00  0
 12  695 390.00  0.00 800.00 21.50  1
 13  786 460.00  0.00 800.00 52.00  0
 14  695 400.00  0.00 800.00 17.20  0
 15  840 470.00  0.00 800.00 26.00  0
 16  731 410.00  0.00 800.00 21.50  0
 17  749 420.00  0.00 800.00 21.50  0
 18  586 330.00  0.00 800.00 17.20  1
 19  749 410.00  0.00 800.00 26.00  0
