trialNum matrixIndex leftValue leftTime rightValue rightTime choice
  0  784 440.00  0.00 800.00 17.20  1
  1  737 410.00  0.00 800.00 520.00  0
  2  716 400.00  0.00 800.00 104.00  0
  3  679 380.00  0.00 800.00 52.00  1
  4  608 340.00  0.00 800.00 104.00  0
  5  769 430.00  0.00 800.00 52.00  1
  6  751 420.00  0.00 800.00 52.00  1
  7  626 350.00  0.00 800.00 104.00  0
  8  751 400.00  0.00 800.00 104.00  0
  9  769 430.00  0.00 800.00 52.00  1
 10  626 350.00  0.00 800.00 104.00  0
 11  769 430.00  0.00 800.00 104.00  0
 12  769 450.00  0.00 800.00 26.00  1
 13  859 480.00  0.00 800.00 52.00  1
 14  626 350.00  0.00 800.00 104.00  0
 15  626 350.00  0.00 800.00 156.00  0
 16  626 350.00  0.00 800.00 52.00  0
 17  661 370.00  0.00 800.00 52.00  1
 18  679 380.00  0.00 800.00 52.00  1
 19  697 390.00  0.00 800.00 52.00  1
 20  697 410.00  0.00 800.00 26.00  1
 21  697 410.00  0.00 800.00 104.00  0
 22  697 410.00  0.00 800.00 104.00  1
 23  770 430.00  0.00 800.00 104.00  0
 24  770 430.00  0.00 800.00 156.00  0
 25  643 360.00  0.00 800.00 52.00  1
 26  734 410.00  0.00 800.00 104.00  0
 27  716 400.00  0.00 800.00 104.00  0
 28  661 370.00  0.00 800.00 52.00  1
 29  716 400.00  0.00 800.00 156.00  0
 30  698 390.00  0.00 800.00 104.00  1
 31  698 400.00  0.00 800.00 156.00  0
 32  680 380.00  0.00 800.00 104.00  0
 33  698 410.00  0.00 800.00 52.00  1
 34  680 380.00  0.00 800.00 156.00  0
 35  698 380.00  0.00 800.00 52.00  0
 36  625 350.00  0.00 800.00 52.00  1
 37  625 370.00  0.00 800.00 104.00  0
 38  643 360.00  0.00 800.00 52.00  1
 39  643 350.00  0.00 800.00 104.00  0
 40  643 380.00  0.00 800.00 26.00  1
 41  643 380.00  0.00 800.00 26.00  1
