  0  130  80.00  0.00 800.00  3.00  1
  1  608 340.00  0.00 800.00 104.00  1
  2  881 490.00  0.00 800.00 520.00  0
  3  754 420.00  0.00 800.00 260.00  0
  4  806 450.00  0.00 800.00 104.00  1
  5  664 370.00  0.00 800.00 260.00  0
  6  753 420.00  0.00 800.00 156.00  0
  7  753 430.00  0.00 800.00 260.00  0
  8  788 440.00  0.00 800.00 104.00  1
  9  753 440.00  0.00 800.00 104.00  1
 10  753 430.00  0.00 800.00 104.00  1
 11  753 420.00  0.00 800.00 260.00  0
 12  753 440.00  0.00 800.00 104.00  1
 13  753 410.00  0.00 800.00 104.00  1
 14  753 420.00  0.00 800.00 104.00  1
 15  753 410.00  0.00 800.00 260.00  0
 16  753 400.00  0.00 800.00 260.00  0
 17  753 440.00  0.00 800.00 260.00  0
 18  753 420.00  0.00 800.00 260.00  0
 19  753 420.00  0.00 800.00 104.00  1
