trialNum matrixIndex leftValue leftTime rightValue rightTime choice
  0  738 420.00  0.00 800.00  0.43  1
  1  790 440.00  0.00 800.00 260.00  0
  2  679 380.00  0.00 800.00 52.00  0
  3  766 430.00  0.00 800.00 17.20  0
  4  658 370.00  0.00 800.00 17.20  0
  5  675 380.00  0.00 800.00 12.90  1
  6  728 410.00  0.00 800.00 10.80  1
  7  676 380.00  0.00 800.00 17.20  0
  8  676 380.00  0.00 800.00 21.50  0
  9  728 410.00  0.00 800.00 10.80  1
 10  676 360.00  0.00 800.00 21.50  0
 11  765 430.00  0.00 800.00 12.90  1
 12  676 360.00  0.00 800.00 21.50  0
 13  783 440.00  0.00 800.00 12.90  1
 14  676 360.00  0.00 800.00 21.50  0
 15  676 390.00  0.00 800.00 12.90  1
 16  676 390.00  0.00 800.00 21.50  0
 17  676 390.00  0.00 800.00 21.50  0
 18  676 360.00  0.00 800.00 12.90  1
 19  676 360.00  0.00 800.00 21.50  0
 20  676 380.00  0.00 800.00 21.50  0
 21  676 400.00  0.00 800.00 12.90  1
 22  676 360.00  0.00 800.00 12.90  1
 23  676 380.00  0.00 800.00 21.50  0
 24  676 390.00  0.00 800.00 21.50  0
 25  676 390.00  0.00 800.00 21.50  0
 26  676 370.00  0.00 800.00 12.90  1
 27  676 400.00  0.00 800.00 21.50  0
 28  676 370.00  0.00 800.00 21.50  0
 29  676 360.00  0.00 800.00 12.90  1
 30  676 380.00  0.00 800.00 12.90  1
 31  676 380.00  0.00 800.00 21.50  0
 32  676 360.00  0.00 800.00 21.50  0
 33  676 380.00  0.00 800.00 21.50  0
 34  676 370.00  0.00 800.00 21.50  0
 35  676 360.00  0.00 800.00 21.50  0
 36  783 440.00  0.00 800.00 12.90  1
 37  676 380.00  0.00 800.00 21.50  0
 38  676 390.00  0.00 800.00 12.90  1
 39  676 390.00  0.00 800.00 12.90  1
 40  676 400.00  0.00 800.00 21.50  0
 41  676 360.00  0.00 800.00 12.90  1
