  0  941 530.00  0.00 800.00  4.30  0
  1  742 420.00  0.00 800.00  3.00  1
  2  654 370.00  0.00 800.00  6.44  1
  3  655 370.00  0.00 800.00  8.60  0
  4  636 360.00  0.00 800.00  6.44  1
  5  762 430.00  0.00 800.00  6.44  1
  6  622 350.00  0.00 800.00 17.20  0
  7  744 420.00  0.00 800.00  6.44  1
  8  728 410.00  0.00 800.00 10.80  0
  9  637 360.00  0.00 800.00  8.60  0
 10  655 370.00  0.00 800.00  8.60  0
 11  780 440.00  0.00 800.00  6.44  1
 12 1418 790.00  0.00 800.00 104.00  0
 13 1417 790.00  0.00 800.00 52.00  0
 14  744 420.00  0.00 800.00  6.44  1
 15  708 400.00  0.00 800.00  6.44  1
 16  782 440.00  0.00 800.00 10.80  0
 17  708 420.00  0.00 800.00  8.60  0
 18  726 410.00  0.00 800.00  6.44  1
 19  708 400.00  0.00 800.00  4.30  1
