  0  719 400.00  0.00 800.00 520.00  0
  1  695 390.00  0.00 800.00 21.50  1
  2  716 400.00  0.00 800.00 104.00  0
  3  679 380.00  0.00 800.00 52.00  1
  4  608 340.00  0.00 800.00 104.00  1
  5  716 400.00  0.00 800.00 104.00  0
  6  608 350.00  0.00 800.00 52.00  1
  7  608 330.00  0.00 800.00 52.00  0
  8    2  10.00  0.00 800.00  1.00  0
  9 1421 790.00  0.00 800.00 520.00  1
 10  734 410.00  0.00 800.00 104.00  0
 11  716 400.00  0.00 800.00 104.00  1
 12  716 420.00  0.00 800.00 156.00  1
 13  716 380.00  0.00 800.00 156.00  1
 14   12  10.00  0.00 800.00 26.00  1
 15  716 420.00  0.00 800.00 156.00  0
 16  716 380.00  0.00 800.00 156.00  1
 17  716 390.00  0.00 800.00 52.00  1
 18  698 390.00  0.00 800.00 104.00  1
 19  698 370.00  0.00 800.00 156.00  1
