  0  115  70.00  0.00 800.00  8.60  1
  1  608 340.00  0.00 800.00 104.00  1
  2  881 490.00  0.00 800.00 520.00  0
  3  664 370.00  0.00 800.00 260.00  0
  4  806 450.00  0.00 800.00 104.00  1
  5  753 420.00  0.00 800.00 156.00  1
  6  664 370.00  0.00 800.00 260.00  0
  7  735 410.00  0.00 800.00 156.00  1
  8  682 380.00  0.00 800.00 260.00  0
  9  735 400.00  0.00 800.00 260.00  0
 10  735 400.00  0.00 800.00 260.00  0
 11  735 400.00  0.00 800.00 104.00  1
 12  735 420.00  0.00 800.00 104.00  1
 13  753 420.00  0.00 800.00 156.00  1
 14  753 410.00  0.00 800.00 104.00  1
 15  843 470.00  0.00 800.00 156.00  1
 16  682 380.00  0.00 800.00 260.00  0
 17  664 370.00  0.00 800.00 260.00  0
 18  735 410.00  0.00 800.00 156.00  1
 19  664 360.00  0.00 800.00 156.00  1
