  0  806 450.00  0.00 800.00 104.00  1
  1  971 540.00  0.00 800.00 520.00  0
  2  611 340.00  0.00 800.00 520.00  0
  3  664 370.00  0.00 800.00 260.00  0
  4  753 420.00  0.00 800.00 156.00  0
  5  788 440.00  0.00 800.00 104.00  0
  6  805 450.00  0.00 800.00 52.00  0
  7  730 410.00  0.00 800.00 17.20  0
  8 1421 790.00  0.00 800.00 520.00  0
  9  744 420.00  0.00 800.00  6.44  1
 10  693 390.00  0.00 800.00 12.90  1
 11    0  10.00  0.00 800.00  0.43  1
 12  713 400.00  0.00 800.00 21.50  0
 13  675 380.00  0.00 800.00 12.90  0
 14 1421 790.00  0.00 800.00 520.00  0
 15  637 360.00  0.00 800.00  8.60  1
 16  620 350.00  0.00 800.00 10.80  0
 17 1421 790.00  0.00 800.00 520.00  0
 18  619 350.00  0.00 800.00  8.60  1
 19  620 350.00  0.00 800.00 10.80  1
