  0  786 440.00  0.00 800.00 26.00  1
  1  791 440.00  0.00 800.00 520.00  0
  2  663 370.00  0.00 800.00 156.00  0
  3  769 430.00  0.00 800.00 52.00  0
  4  661 370.00  0.00 800.00 52.00  0
  5  822 460.00  0.00 800.00 26.00  0
  6  749 420.00  0.00 800.00 21.50  0
  7  746 420.00  0.00 800.00 10.80  1
  8  676 380.00  0.00 800.00 17.20  1
  9  659 370.00  0.00 800.00 21.50  0
 10 1421 790.00  0.00 800.00 520.00  0
 11  621 350.00  0.00 800.00 12.90  0
 12 1421 790.00  0.00 800.00 260.00  0
 13  565 320.00  0.00 800.00  8.60  1
 14  530 300.00  0.00 800.00 10.80  1
 15  531 300.00  0.00 800.00 12.90  1
 16  857 480.00  0.00 800.00 21.50  0
 17  549 310.00  0.00 800.00 12.90  0
 18  476 270.00  0.00 800.00 10.80  1
 19  476 260.00  0.00 800.00 12.90  1
