  0 1149 640.00  0.00 800.00 156.00  1
  1 1169 650.00  0.00 800.00 520.00  0
  2  971 540.00  0.00 800.00 520.00  0
  3  881 490.00  0.00 800.00 520.00  0
  4  773 430.00  0.00 800.00 520.00  0
  5  862 480.00  0.00 800.00 260.00  0
  6  698 390.00  0.00 800.00 104.00  0
  7    0  10.00  0.00 800.00  0.43  1
  8    0  10.00  0.00 800.00  0.71  1
  9  696 390.00  0.00 800.00 26.00  0
 10  747 420.00  0.00 800.00 12.90  0
 11 1421 790.00  0.00 800.00 520.00  1
 12 1421 790.00  0.00 800.00 260.00  1
 13 1418 790.00  0.00 800.00 104.00  0
 14   12  10.00  0.00 800.00 26.00  1
 15 1421 790.00  0.00 800.00 520.00  0
 16    0  10.00  0.00 800.00  0.43  1
 17 1421 790.00  0.00 800.00 260.00  1
 18  716 400.00  0.00 800.00 104.00  1
 19   13  10.00  0.00 800.00 52.00  1
