  0  787 440.00  0.00 800.00 52.00  0
  1  745 420.00  0.00 800.00  8.60  1
  2  732 410.00  0.00 800.00 26.00  0
  3  783 440.00  0.00 800.00 12.90  1
  4  695 390.00  0.00 800.00 21.50  0
  5  676 380.00  0.00 800.00 17.20  1
  6  713 400.00  0.00 800.00 21.50  0
  7  765 430.00  0.00 800.00 12.90  1
  8  642 360.00  0.00 800.00 26.00  0
  9  783 440.00  0.00 800.00 12.90  1
 10  695 390.00  0.00 800.00 21.50  0
 11  695 410.00  0.00 800.00 26.00  0
 12  695 380.00  0.00 800.00 17.20  1
 13  694 390.00  0.00 800.00 17.20  1
 14  854 480.00  0.00 800.00 10.80  1
 15  624 350.00  0.00 800.00 26.00  0
 16 1333 750.00  0.00 800.00  0.71  1
 17  624 360.00  0.00 800.00 52.00  0
 18 1333 750.00  0.00 800.00  1.00  1
 19  552 310.00  0.00 800.00 26.00  0
