  0 1371 770.00  0.00 800.00  2.00  1
  1  791 440.00  0.00 800.00 520.00  0
  2  753 420.00  0.00 800.00 156.00  0
  3  859 480.00  0.00 800.00 52.00  0
  4  751 420.00  0.00 800.00 52.00  0
  5  661 370.00  0.00 800.00 52.00  0
  6  804 450.00  0.00 800.00 26.00  1
  7  804 450.00  0.00 800.00 21.50  1
  8  679 380.00  0.00 800.00 52.00  0
  9  804 440.00  0.00 800.00 52.00  1
 10 1421 790.00  0.00 800.00 520.00  1
 11 1421 790.00  0.00 800.00 260.00  1
 12  716 400.00  0.00 800.00 104.00  0
 13 1420 790.00  0.00 800.00 260.00  1
 14  716 400.00  0.00 800.00 52.00  0
 15  716 400.00  0.00 800.00 52.00  0
 16  716 380.00  0.00 800.00 52.00  0
 17  716 400.00  0.00 800.00 156.00  0
 18  716 390.00  0.00 800.00 52.00  1
 19  734 410.00  0.00 800.00 104.00  0
