  0  765 430.00  0.00 800.00 12.90  1
  1  701 390.00  0.00 800.00 520.00  0
  2  698 390.00  0.00 800.00 104.00  1
  3  664 370.00  0.00 800.00 260.00  0
  4  663 370.00  0.00 800.00 156.00  0
  5  698 390.00  0.00 800.00 104.00  1
  6  663 390.00  0.00 800.00 260.00  0
  7  663 350.00  0.00 800.00 104.00  0
  8  643 360.00  0.00 800.00 52.00  1
  9  679 380.00  0.00 800.00 52.00  1
 10  698 390.00  0.00 800.00 104.00  1
 11  735 410.00  0.00 800.00 156.00  0
 12  662 370.00  0.00 800.00 104.00  1
 13  662 370.00  0.00 800.00 52.00  1
 14  717 400.00  0.00 800.00 156.00  0
 15  680 380.00  0.00 800.00 104.00  0
 16  698 390.00  0.00 800.00 104.00  0
 17  734 410.00  0.00 800.00 104.00  0
 18  734 390.00  0.00 800.00 156.00  0
 19  734 390.00  0.00 800.00 52.00  1
