  0  801 450.00  0.00 800.00 12.90  1
  1  844 470.00  0.00 800.00 260.00  1
  2 1115 620.00  0.00 800.00 520.00  0
  3  881 490.00  0.00 800.00 520.00  1
  4  971 540.00  0.00 800.00 520.00  1
  5 1043 580.00  0.00 800.00 520.00  1
  6 1133 630.00  0.00 800.00 520.00  0
  7 1043 600.00  0.00 800.00 260.00  1
  8 1043 590.00  0.00 800.00 260.00  1
  9 1043 580.00  0.00 800.00 260.00  1
 10 1043 580.00  0.00 800.00 260.00  1
 11 1043 560.00  0.00 800.00 260.00  1
 12 1043 590.00  0.00 800.00 260.00  1
 13 1043 600.00  0.00 800.00 260.00  1
 14 1043 570.00  0.00 800.00 260.00  1
 15 1043 560.00  0.00 800.00 260.00  1
 16 1043 570.00  0.00 800.00 260.00  1
 17 1043 580.00  0.00 800.00 260.00  1
 18 1043 580.00  0.00 800.00 260.00  1
 19 1043 570.00  0.00 800.00 260.00  1
