  0  142  80.00  0.00 800.00 260.00  0
  1  654 370.00  0.00 800.00  6.44  1
  2  693 390.00  0.00 800.00 12.90  1
  3  695 390.00  0.00 800.00 21.50  1
  4  732 410.00  0.00 800.00 26.00  1
  5  589 330.00  0.00 800.00 52.00  1
  6  733 410.00  0.00 800.00 52.00  1
  7  645 360.00  0.00 800.00 156.00  1
  8  773 430.00  0.00 800.00 520.00  0
  9  790 440.00  0.00 800.00 260.00  0
 10    3  10.00  0.00 800.00  2.00  1
 11  789 440.00  0.00 800.00 156.00  0
 12  698 390.00  0.00 800.00 104.00  1
 13  843 470.00  0.00 800.00 156.00  0
 14  807 450.00  0.00 800.00 156.00  1
 15  987 550.00  0.00 800.00 156.00  0
 16  590 330.00  0.00 800.00 104.00  1
 17  969 540.00  0.00 800.00 156.00  0
 18  626 350.00  0.00 800.00 104.00  1
 19  915 510.00  0.00 800.00 156.00  0
