trialNum matrixIndex leftValue leftTime rightValue rightTime choice
  0  193 110.00  0.00 800.00 52.00  1
  1  682 380.00  0.00 800.00 260.00  0
  2  679 380.00  0.00 800.00 52.00  1
  3  716 400.00  0.00 800.00 104.00  0
  4  608 340.00  0.00 800.00 104.00  1
  5  608 320.00  0.00 800.00 52.00  1
  6  608 360.00  0.00 800.00 52.00  1
  7  608 340.00  0.00 800.00 52.00  1
  8  608 320.00  0.00 800.00 156.00  0
  9  608 350.00  0.00 800.00 156.00  0
 10  608 350.00  0.00 800.00 52.00  1
 11  608 320.00  0.00 800.00 52.00  1
 12  608 360.00  0.00 800.00 156.00  0
 13  608 360.00  0.00 800.00 156.00  0
 14  608 360.00  0.00 800.00 52.00  1
 15  608 360.00  0.00 800.00 52.00  1
 16  608 350.00  0.00 800.00 52.00  1
 17  608 330.00  0.00 800.00 156.00  0
 18  608 350.00  0.00 800.00 52.00  1
 19  608 360.00  0.00 800.00 156.00  0
 20  608 340.00  0.00 800.00 52.00  1
 21  608 340.00  0.00 800.00 52.00  1
 22  608 360.00  0.00 800.00 52.00  1
 23  608 330.00  0.00 800.00 156.00  0
 24  608 330.00  0.00 800.00 156.00  0
 25  608 320.00  0.00 800.00 52.00  1
 26  608 360.00  0.00 800.00 52.00  1
 27  608 340.00  0.00 800.00 52.00  1
 28  608 350.00  0.00 800.00 156.00  0
 29  608 320.00  0.00 800.00 156.00  0
 30  608 320.00  0.00 800.00 156.00  0
 31  608 350.00  0.00 800.00 156.00  0
 32  608 320.00  0.00 800.00 156.00  0
 33  608 330.00  0.00 800.00 52.00  1
 34  608 340.00  0.00 800.00 52.00  1
 35  608 320.00  0.00 800.00 156.00  0
 36  608 360.00  0.00 800.00 156.00  0
 37  608 330.00  0.00 800.00 156.00  0
 38  859 480.00  0.00 800.00 52.00  1
 39  608 360.00  0.00 800.00 156.00  1
 40  590 330.00  0.00 800.00 104.00  1
 41  590 340.00  0.00 800.00 156.00  0
