  0  168 100.00  0.00 800.00  6.44  1
  1  645 360.00  0.00 800.00 156.00  1
  2  971 540.00  0.00 800.00 520.00  0
  3  844 470.00  0.00 800.00 260.00  1
  4  791 440.00  0.00 800.00 520.00  0
  5  701 390.00  0.00 800.00 520.00  1
  6  791 430.00  0.00 800.00 260.00  0
  7    7  10.00  0.00 800.00  8.60  1
  8    6  10.00  0.00 800.00  6.44  1
  9  646 360.00  0.00 800.00 260.00  0
 10    4  10.00  0.00 800.00  3.00  1
 11    3  10.00  0.00 800.00  2.00  1
 12  591 330.00  0.00 800.00 156.00  1
 13  863 480.00  0.00 800.00 520.00  0
 14  574 320.00  0.00 800.00 260.00  1
 15  592 330.00  0.00 800.00 260.00  1
 16  809 450.00  0.00 800.00 520.00  0
 17  664 370.00  0.00 800.00 260.00  1
 18  791 440.00  0.00 800.00 520.00  1
 19  899 500.00  0.00 800.00 520.00  1
