  0 1262 710.00  0.00 800.00  1.00  1
  1  664 370.00  0.00 800.00 260.00  0
  2  661 370.00  0.00 800.00 52.00  1
  3  698 390.00  0.00 800.00 104.00  1
  4  735 410.00  0.00 800.00 156.00  0
  5  806 450.00  0.00 800.00 104.00  0
  6  698 390.00  0.00 800.00 104.00  1
  7  663 370.00  0.00 800.00 156.00  1
  8  645 360.00  0.00 800.00 156.00  1
  9  645 350.00  0.00 800.00 104.00  1
 10  645 370.00  0.00 800.00 104.00  1
 11  645 360.00  0.00 800.00 260.00  1
 12  790 440.00  0.00 800.00 260.00  1
 13    6  10.00  0.00 800.00  6.44  1
 14  791 440.00  0.00 800.00 520.00  0
 15  791 460.00  0.00 800.00 260.00  0
 16  970 540.00  0.00 800.00 260.00  0
 17  916 510.00  0.00 800.00 260.00  0
 18  880 490.00  0.00 800.00 260.00  0
 19  754 420.00  0.00 800.00 260.00  0
