trialNum matrixIndex leftValue leftTime rightValue rightTime choice
  0  825 460.00  0.00 800.00 156.00  0
  1  661 370.00  0.00 800.00 52.00  1
  2  716 400.00  0.00 800.00 104.00  0
  3  769 430.00  0.00 800.00 52.00  1
  4  626 350.00  0.00 800.00 104.00  1
  5  734 410.00  0.00 800.00 104.00  1
  6  716 400.00  0.00 800.00 104.00  1
  7  735 410.00  0.00 800.00 156.00  0
  8  717 400.00  0.00 800.00 156.00  0
  9  698 390.00  0.00 800.00 104.00  1
 10  699 390.00  0.00 800.00 156.00  1
 11  717 400.00  0.00 800.00 156.00  0
 12  753 420.00  0.00 800.00 156.00  0
 13  717 390.00  0.00 800.00 260.00  0
 14  717 420.00  0.00 800.00 260.00  0
 15  699 390.00  0.00 800.00 156.00  0
 16  717 420.00  0.00 800.00 104.00  0
 17  644 360.00  0.00 800.00 104.00  1
 18  662 370.00  0.00 800.00 104.00  1
 19  662 370.00  0.00 800.00 156.00  0
 20  662 380.00  0.00 800.00 156.00  0
 21  680 380.00  0.00 800.00 104.00  1
 22  680 360.00  0.00 800.00 156.00  0
 23  680 370.00  0.00 800.00 52.00  1
 24  680 370.00  0.00 800.00 156.00  0
 25  680 360.00  0.00 800.00 156.00  0
 26  680 400.00  0.00 800.00 52.00  1
 27  680 400.00  0.00 800.00 52.00  1
 28  680 390.00  0.00 800.00 156.00  0
 29  680 380.00  0.00 800.00 52.00  1
 30  680 370.00  0.00 800.00 156.00  0
 31  680 390.00  0.00 800.00 156.00  0
 32  680 370.00  0.00 800.00 156.00  0
 33  698 390.00  0.00 800.00 104.00  1
 34  698 370.00  0.00 800.00 52.00  1
 35  698 390.00  0.00 800.00 156.00  0
 36  698 400.00  0.00 800.00 52.00  1
 37  698 410.00  0.00 800.00 52.00  0
 38  698 400.00  0.00 800.00 52.00  1
 39  698 400.00  0.00 800.00 52.00  1
 40  698 400.00  0.00 800.00 156.00  0
 41  698 390.00  0.00 800.00 52.00  1
