trialNum matrixIndex leftValue leftTime rightValue rightTime choice
  0  514 290.00  0.00 800.00 17.20  1
  1  790 440.00  0.00 800.00 260.00  0
  2  769 430.00  0.00 800.00 52.00  1
  3  681 380.00  0.00 800.00 156.00  0
  4  716 400.00  0.00 800.00 104.00  0
  5  626 350.00  0.00 800.00 104.00  1
  6  734 410.00  0.00 800.00 104.00  0
  7  608 340.00  0.00 800.00 104.00  0
  8  626 350.00  0.00 800.00 104.00  0
  9  715 400.00  0.00 800.00 52.00  0
 10  750 420.00  0.00 800.00 26.00  1
 11  625 350.00  0.00 800.00 52.00  1
 12  625 350.00  0.00 800.00 26.00  1
 13  733 410.00  0.00 800.00 52.00  1
 14  715 400.00  0.00 800.00 52.00  1
 15  715 380.00  0.00 800.00 104.00  0
 16  715 380.00  0.00 800.00 26.00  1
 17  715 390.00  0.00 800.00 104.00  0
 18  733 410.00  0.00 800.00 52.00  1
 19  715 380.00  0.00 800.00 26.00  1
 20  733 410.00  0.00 800.00 26.00  1
 21  733 410.00  0.00 800.00 104.00  0
 22  733 410.00  0.00 800.00 26.00  1
 23  715 400.00  0.00 800.00 52.00  0
 24  751 420.00  0.00 800.00 52.00  0
 25  787 440.00  0.00 800.00 52.00  0
 26  787 450.00  0.00 800.00 26.00  1
 27  787 460.00  0.00 800.00 26.00  1
 28  787 460.00  0.00 800.00 26.00  1
 29  787 440.00  0.00 800.00 104.00  0
 30  787 420.00  0.00 800.00 26.00  1
 31  787 440.00  0.00 800.00 26.00  1
 32  787 440.00  0.00 800.00 104.00  0
 33  787 450.00  0.00 800.00 26.00  1
 34  787 450.00  0.00 800.00 104.00  0
 35  787 460.00  0.00 800.00 26.00  1
 36  787 450.00  0.00 800.00 104.00  0
 37  787 440.00  0.00 800.00 104.00  0
 38  787 450.00  0.00 800.00 104.00  0
 39  787 430.00  0.00 800.00 26.00  1
 40  787 450.00  0.00 800.00 104.00  0
 41  787 420.00  0.00 800.00 104.00  0
