  0 1096 610.00  0.00 800.00 260.00  1
  1 1169 650.00  0.00 800.00 520.00  0
  2 1043 580.00  0.00 800.00 520.00  0
  3  971 540.00  0.00 800.00 520.00  0
  4  863 480.00  0.00 800.00 520.00  0
  5  862 480.00  0.00 800.00 260.00  0
  6  661 370.00  0.00 800.00 52.00  1
  7    0  10.00  0.00 800.00  0.43  1
  8  717 400.00  0.00 800.00 156.00  0
  9    0  10.00  0.00 800.00  0.71  1
 10  626 350.00  0.00 800.00 104.00  1
 11    2  10.00  0.00 800.00  1.00  1
 12  663 370.00  0.00 800.00 156.00  1
 13  646 360.00  0.00 800.00 260.00  0
 14  591 330.00  0.00 800.00 156.00  0
 15    0  10.00  0.00 800.00  0.43  1
 16  608 340.00  0.00 800.00 104.00  1
 17  555 310.00  0.00 800.00 156.00  0
 18    0  10.00  0.00 800.00  0.43  1
 19  590 330.00  0.00 800.00 104.00  1
