  0 1262 710.00  0.00 800.00  1.00  1
  1  754 420.00  0.00 800.00 260.00  0
  2  661 370.00  0.00 800.00 52.00  0
  3  695 390.00  0.00 800.00 21.50  0
  4  693 390.00  0.00 800.00 12.90  0
  5  656 370.00  0.00 800.00 10.80  0
  6  744 420.00  0.00 800.00  6.44  0
  7  779 440.00  0.00 800.00  4.30  0
  8  742 420.00  0.00 800.00  3.00  0
  9  723 410.00  0.00 800.00  2.00  0
 10 1418 790.00  0.00 800.00 104.00  0
 11  615 350.00  0.00 800.00  2.00  0
 12 1418 790.00  0.00 800.00 52.00  0
 13  561 320.00  0.00 800.00  2.00  1
 14  831 470.00  0.00 800.00  2.00  0
 15  471 270.00  0.00 800.00  2.00  1
 16  453 260.00  0.00 800.00  2.00  1
 17  867 490.00  0.00 800.00  2.00  0
 18  489 280.00  0.00 800.00  2.00  1
 19  507 290.00  0.00 800.00  2.00  1
