trialNum matrixIndex leftValue leftTime rightValue rightTime choice
  0 1223 680.00  0.00 800.00 520.00  1
  1 1295 720.00  0.00 800.00 520.00  0
  2 1259 700.00  0.00 800.00 520.00  0
  3 1205 670.00  0.00 800.00 520.00  1
  4 1277 710.00  0.00 800.00 520.00  0
  5 1187 660.00  0.00 800.00 520.00  1
  6 1295 720.00  0.00 800.00 520.00  0
  7 1205 670.00  0.00 800.00 520.00  1
  8 1277 710.00  0.00 800.00 520.00  0
  9 1205 660.00  0.00 800.00 260.00  1
 10 1205 660.00  0.00 800.00 260.00  1
 11 1277 710.00  0.00 800.00 520.00  0
 12 1205 680.00  0.00 800.00 260.00  1
 13 1205 660.00  0.00 800.00 260.00  1
 14 1205 650.00  0.00 800.00 260.00  1
 15 1205 670.00  0.00 800.00 260.00  1
 16 1205 650.00  0.00 800.00 260.00  1
 17 1205 670.00  0.00 800.00 260.00  1
 18 1205 670.00  0.00 800.00 260.00  1
 19 1205 690.00  0.00 800.00 260.00  1
 20 1205 650.00  0.00 800.00 260.00  1
 21 1205 650.00  0.00 800.00 260.00  1
 22 1205 690.00  0.00 800.00 260.00  1
 23 1205 660.00  0.00 800.00 260.00  1
 24 1205 690.00  0.00 800.00 260.00  1
 25 1205 650.00  0.00 800.00 260.00  1
 26 1205 680.00  0.00 800.00 260.00  0
 27 1205 680.00  0.00 800.00 260.00  1
 28 1205 680.00  0.00 800.00 260.00  1
 29 1205 680.00  0.00 800.00 260.00  1
 30 1205 690.00  0.00 800.00 260.00  1
 31 1205 670.00  0.00 800.00 260.00  1
 32 1205 670.00  0.00 800.00 260.00  1
 33 1205 650.00  0.00 800.00 260.00  1
 34 1205 670.00  0.00 800.00 260.00  1
 35 1205 680.00  0.00 800.00 260.00  1
 36 1205 690.00  0.00 800.00 260.00  1
 37 1205 690.00  0.00 800.00 260.00  1
 38 1205 690.00  0.00 800.00 260.00  1
 39 1205 650.00  0.00 800.00 260.00  1
 40 1205 690.00  0.00 800.00 260.00  1
 41 1205 690.00  0.00 800.00 260.00  1
