trialNum matrixIndex leftValue leftTime rightValue rightTime choice
  0  186 110.00  0.00 800.00  6.44  1
  1  716 400.00  0.00 800.00 104.00  1
  2  971 540.00  0.00 800.00 520.00  0
  3  844 470.00  0.00 800.00 260.00  0
  4  753 420.00  0.00 800.00 156.00  0
  5  645 360.00  0.00 800.00 156.00  1
  6  788 440.00  0.00 800.00 104.00  1
  7  753 420.00  0.00 800.00 156.00  0
  8  753 420.00  0.00 800.00 260.00  0
  9  645 360.00  0.00 800.00 156.00  0
 10  645 360.00  0.00 800.00 104.00  0
 11  625 350.00  0.00 800.00 52.00  1
 12  482 270.00  0.00 800.00 104.00  1
 13  518 290.00  0.00 800.00 104.00  1
 14  554 310.00  0.00 800.00 104.00  1
 15  771 430.00  0.00 800.00 156.00  0
 16  644 360.00  0.00 800.00 104.00  1
 17  699 390.00  0.00 800.00 156.00  0
 18  699 390.00  0.00 800.00 104.00  0
 19  626 350.00  0.00 800.00 104.00  0
