  0  278 160.00  0.00 800.00 10.80  0
  1  597 340.00  0.00 800.00  2.00  1
  2  705 400.00  0.00 800.00  2.00  1
  3  652 370.00  0.00 800.00  3.00  1
  4  653 370.00  0.00 800.00  4.30  1
  5  768 430.00  0.00 800.00 26.00  1
  6    0  10.00  0.00 800.00  0.43  1
  7    0  10.00  0.00 800.00  0.71  1
  8  753 420.00  0.00 800.00 156.00  0
  9    0  10.00  0.00 800.00  0.71  1
 10  768 430.00  0.00 800.00 26.00  1
 11  824 460.00  0.00 800.00 104.00  0
 12    0  10.00  0.00 800.00  0.43  1
 13  697 390.00  0.00 800.00 52.00  1
 14  788 440.00  0.00 800.00 104.00  0
 15  697 390.00  0.00 800.00 26.00  1
 16  769 430.00  0.00 800.00 52.00  0
 17  661 370.00  0.00 800.00 52.00  1
 18    0  10.00  0.00 800.00  0.43  1
 19  805 450.00  0.00 800.00 52.00  0
