  0 1038 580.00  0.00 800.00 26.00  1
  1  881 490.00  0.00 800.00 520.00  0
  2  664 370.00  0.00 800.00 260.00  0
  3  645 360.00  0.00 800.00 156.00  0
  4  698 390.00  0.00 800.00 104.00  0
  5  608 340.00  0.00 800.00 104.00  0
  6  733 410.00  0.00 800.00 52.00  0
  7  768 430.00  0.00 800.00 26.00  0
  8  674 380.00  0.00 800.00 10.80  1
  9  658 370.00  0.00 800.00 17.20  0
 10 1421 790.00  0.00 800.00 520.00  0
 11 1421 790.00  0.00 800.00 260.00  0
 12  620 350.00  0.00 800.00 10.80  1
 13  603 340.00  0.00 800.00 12.90  1
 14  550 310.00  0.00 800.00 17.20  1
 15  750 420.00  0.00 800.00 26.00  0
 16  550 290.00  0.00 800.00 21.50  1
 17  840 470.00  0.00 800.00 26.00  0
 18  803 450.00  0.00 800.00 21.50  1
 19  551 310.00  0.00 800.00 21.50  1
