  0  999 560.00  0.00 800.00 12.90  0
  1  654 370.00  0.00 800.00  6.44  1
  2  693 390.00  0.00 800.00 12.90  1
  3  695 390.00  0.00 800.00 21.50  1
  4  732 410.00  0.00 800.00 26.00  1
  5  482 270.00  0.00 800.00 104.00  1
  6  629 350.00  0.00 800.00 520.00  0
  7  734 410.00  0.00 800.00 104.00  1
  8  790 440.00  0.00 800.00 260.00  0
  9  735 410.00  0.00 800.00 156.00  1
 10  827 460.00  0.00 800.00 520.00  0
 11  682 380.00  0.00 800.00 260.00  0
 12  645 360.00  0.00 800.00 156.00  1
 13  862 480.00  0.00 800.00 260.00  0
 14  573 320.00  0.00 800.00 156.00  1
 15  772 430.00  0.00 800.00 260.00  0
 16  735 410.00  0.00 800.00 156.00  1
 17  772 450.00  0.00 800.00 156.00  1
 18  898 500.00  0.00 800.00 260.00  0
 19  826 460.00  0.00 800.00 260.00  0
