  0 1352 760.00  0.00 800.00  1.00  1
  1  701 390.00  0.00 800.00 520.00  1
  2 1115 620.00  0.00 800.00 520.00  0
  3  881 490.00  0.00 800.00 520.00  0
  4  791 440.00  0.00 800.00 520.00  0
  5  683 380.00  0.00 800.00 520.00  0
  6  736 410.00  0.00 800.00 260.00  0
  7  769 430.00  0.00 800.00 52.00  1
  8  716 400.00  0.00 800.00 104.00  0
  9    0  10.00  0.00 800.00  0.43  1
 10    0  10.00  0.00 800.00  0.71  1
 11  661 370.00  0.00 800.00 52.00  1
 12  698 390.00  0.00 800.00 104.00  0
 13    0  10.00  0.00 800.00  0.43  1
 14  625 350.00  0.00 800.00 52.00  1
 15  734 410.00  0.00 800.00 104.00  0
 16  607 340.00  0.00 800.00 52.00  1
 17  625 350.00  0.00 800.00 52.00  1
 18  860 480.00  0.00 800.00 104.00  0
 19  824 460.00  0.00 800.00 104.00  0
