trialNum matrixIndex leftValue leftTime rightValue rightTime choice
  0  667 380.00  0.00 800.00  0.71  1
  1  790 440.00  0.00 800.00 260.00  0
  2  661 370.00  0.00 800.00 52.00  1
  3  681 380.00  0.00 800.00 156.00  0
  4  626 350.00  0.00 800.00 104.00  1
  5  716 400.00  0.00 800.00 104.00  1
  6  681 380.00  0.00 800.00 156.00  0
  7  716 420.00  0.00 800.00 52.00  1
  8  716 400.00  0.00 800.00 52.00  1
  9  716 400.00  0.00 800.00 52.00  1
 10  716 410.00  0.00 800.00 156.00  0
 11  716 410.00  0.00 800.00 52.00  1
 12  716 390.00  0.00 800.00 52.00  1
 13  716 380.00  0.00 800.00 156.00  0
 14  716 390.00  0.00 800.00 52.00  1
 15  716 410.00  0.00 800.00 156.00  0
 16  716 400.00  0.00 800.00 156.00  0
 17  716 380.00  0.00 800.00 156.00  0
 18  716 410.00  0.00 800.00 52.00  1
 19  716 390.00  0.00 800.00 52.00  1
 20  716 380.00  0.00 800.00 156.00  0
 21  716 410.00  0.00 800.00 52.00  1
 22  716 390.00  0.00 800.00 156.00  0
 23  716 380.00  0.00 800.00 156.00  0
 24  716 400.00  0.00 800.00 156.00  0
 25  716 380.00  0.00 800.00 156.00  0
 26  716 390.00  0.00 800.00 156.00  0
 27  716 400.00  0.00 800.00 156.00  0
 28  716 380.00  0.00 800.00 156.00  0
 29  716 390.00  0.00 800.00 52.00  1
 30  716 380.00  0.00 800.00 156.00  0
 31  716 390.00  0.00 800.00 156.00  0
 32  716 420.00  0.00 800.00 156.00  0
 33  716 420.00  0.00 800.00 156.00  0
 34  716 390.00  0.00 800.00 156.00  0
 35  716 390.00  0.00 800.00 156.00  0
 36  716 410.00  0.00 800.00 52.00  1
 37  716 390.00  0.00 800.00 156.00  0
 38  716 400.00  0.00 800.00 52.00  1
 39  716 390.00  0.00 800.00 52.00  1
 40  716 420.00  0.00 800.00 156.00  0
 41  716 380.00  0.00 800.00 156.00  0
