  0 1081 610.00  0.00 800.00  0.71  1
  1  753 420.00  0.00 800.00 156.00  0
  2  695 390.00  0.00 800.00 21.50  0
  3  744 420.00  0.00 800.00  6.44  0
  4  707 400.00  0.00 800.00  4.30  0
  5  742 420.00  0.00 800.00  3.00  0
  6  634 360.00  0.00 800.00  3.00  1
  7  742 410.00  0.00 800.00  2.00  1
  8  742 400.00  0.00 800.00  4.30  0
  9  742 440.00  0.00 800.00  4.30  0
 10  742 430.00  0.00 800.00  4.30  0
 11  742 440.00  0.00 800.00  4.30  0
 12  742 400.00  0.00 800.00  2.00  1
 13  742 430.00  0.00 800.00  2.00  0
 14  652 370.00  0.00 800.00  3.00  1
 15  634 360.00  0.00 800.00  3.00  1
 16  616 350.00  0.00 800.00  3.00  1
 17  760 430.00  0.00 800.00  3.00  0
 18  616 360.00  0.00 800.00  4.30  0
 19  634 360.00  0.00 800.00  3.00  1
