  0   12  10.00  0.00 800.00 26.00  0
  1 1418 790.00  0.00 800.00 104.00  0
  2 1418 790.00  0.00 800.00 104.00  0
  3  687 390.00  0.00 800.00  2.00  1
  4 1419 790.00  0.00 800.00 156.00  0
  5  743 420.00  0.00 800.00  4.30  1
  6 1421 790.00  0.00 800.00 520.00  0
  7  782 440.00  0.00 800.00 10.80  0
  8  780 440.00  0.00 800.00  6.44  1
  9 1421 790.00  0.00 800.00 520.00  0
 10 1421 770.00  0.00 800.00 260.00  0
 11  782 440.00  0.00 800.00 10.80  0
 12  600 340.00  0.00 800.00  6.44  1
 13  818 460.00  0.00 800.00 10.80  0
 14  510 290.00  0.00 800.00  6.44  1
 15  871 490.00  0.00 800.00  8.60  0
 16  564 320.00  0.00 800.00  6.44  1
 17  835 470.00  0.00 800.00  8.60  0
 18  654 370.00  0.00 800.00  6.44  0
 19  617 350.00  0.00 800.00  4.30  1
