trialNum matrixIndex leftValue leftTime rightValue rightTime choice
  0  643 360.00  0.00 800.00 52.00  1
  1  791 440.00  0.00 800.00 520.00  0
  2  753 420.00  0.00 800.00 156.00  1
  3  754 420.00  0.00 800.00 260.00  1
  4  683 380.00  0.00 800.00 520.00  1
  5  809 450.00  0.00 800.00 520.00  0
  6  683 400.00  0.00 800.00 260.00  1
  7  683 400.00  0.00 800.00 260.00  1
  8  683 360.00  0.00 800.00 260.00  1
  9  683 360.00  0.00 800.00 260.00  1
 10  683 370.00  0.00 800.00 260.00  1
 11  683 370.00  0.00 800.00 260.00  1
 12  683 400.00  0.00 800.00 260.00  1
 13  683 390.00  0.00 800.00 260.00  1
 14  683 400.00  0.00 800.00 260.00  1
 15  683 390.00  0.00 800.00 260.00  1
 16  683 390.00  0.00 800.00 260.00  1
 17  683 400.00  0.00 800.00 260.00  1
 18  683 370.00  0.00 800.00 260.00  1
 19  683 390.00  0.00 800.00 260.00  1
