trialNum matrixIndex leftValue leftTime rightValue rightTime choice
  0  653 370.00  0.00 800.00  4.30  1
  1  754 420.00  0.00 800.00 260.00  0
  2  822 460.00  0.00 800.00 26.00  1
  3  698 390.00  0.00 800.00 104.00  0
  4  769 430.00  0.00 800.00 52.00  1
  5  608 340.00  0.00 800.00 104.00  0
  6  751 420.00  0.00 800.00 52.00  1
  7  626 350.00  0.00 800.00 104.00  0
  8  751 430.00  0.00 800.00 104.00  0
  9  751 410.00  0.00 800.00 104.00  0
 10  859 480.00  0.00 800.00 52.00  1
 11  626 350.00  0.00 800.00 104.00  0
 12  626 370.00  0.00 800.00 156.00  0
 13  626 370.00  0.00 800.00 52.00  1
 14  626 350.00  0.00 800.00 156.00  0
 15  626 370.00  0.00 800.00 52.00  1
 16  626 360.00  0.00 800.00 156.00  0
 17  626 340.00  0.00 800.00 156.00  0
 18  626 370.00  0.00 800.00 52.00  1
 19  626 370.00  0.00 800.00 156.00  0
