  0  745 420.00  0.00 800.00  8.60  1
  1  754 420.00  0.00 800.00 260.00  0
  2  751 420.00  0.00 800.00 52.00  1
  3  663 370.00  0.00 800.00 156.00  1
  4  664 370.00  0.00 800.00 260.00  1
  5  772 430.00  0.00 800.00 260.00  0
  6  646 360.00  0.00 800.00 260.00  1
  7  772 420.00  0.00 800.00 156.00  1
  8  772 430.00  0.00 800.00 156.00  1
  9  772 420.00  0.00 800.00 520.00  0
 10  754 420.00  0.00 800.00 260.00  0
 11  664 370.00  0.00 800.00 260.00  1
 12  843 470.00  0.00 800.00 156.00  1
 13  754 420.00  0.00 800.00 260.00  0
 14 1058 590.00  0.00 800.00 104.00  0
 15  431 240.00  0.00 800.00 520.00  1
 16 1058 580.00  0.00 800.00 52.00  1
 17  503 280.00  0.00 800.00 520.00  0
 18  431 240.00  0.00 800.00 520.00  0
 19  664 370.00  0.00 800.00 260.00  1
