  0 1054 590.00  0.00 800.00 17.20  1
  1  881 490.00  0.00 800.00 520.00  0
  2  664 370.00  0.00 800.00 260.00  0
  3  698 390.00  0.00 800.00 104.00  0
  4  608 340.00  0.00 800.00 104.00  0
  5  769 430.00  0.00 800.00 52.00  0
  6  661 370.00  0.00 800.00 52.00  1
  7  769 440.00  0.00 800.00 26.00  1
  8  769 450.00  0.00 800.00 104.00  0
  9  769 420.00  0.00 800.00 104.00  0
 10  769 440.00  0.00 800.00 26.00  1
 11  769 450.00  0.00 800.00 104.00  0
 12  769 420.00  0.00 800.00 104.00  0
 13  769 420.00  0.00 800.00 104.00  0
 14  769 430.00  0.00 800.00 26.00  1
 15  769 410.00  0.00 800.00 26.00  0
 16  643 360.00  0.00 800.00 52.00  1
 17  661 370.00  0.00 800.00 52.00  1
 18  805 450.00  0.00 800.00 52.00  1
 19  805 430.00  0.00 800.00 26.00  1
