  0  697 390.00  0.00 800.00 52.00  1
  1  791 440.00  0.00 800.00 520.00  0
  2  753 420.00  0.00 800.00 156.00  0
  3  698 390.00  0.00 800.00 104.00  0
  4  608 340.00  0.00 800.00 104.00  0
  5  769 430.00  0.00 800.00 52.00  0
  6  876 490.00  0.00 800.00 26.00  0
  7  784 440.00  0.00 800.00 17.20  0
  8  726 410.00  0.00 800.00  6.44  1
  9  693 390.00  0.00 800.00 12.90  0
 10  600 340.00  0.00 800.00  6.44  1
 11 1421 790.00  0.00 800.00 520.00  0
 12  637 360.00  0.00 800.00  8.60  0
 13 1421 780.00  0.00 800.00 260.00  0
 14  618 350.00  0.00 800.00  6.44  1
 15  618 370.00  0.00 800.00  8.60  1
 16  801 450.00  0.00 800.00 12.90  0
 17  601 340.00  0.00 800.00  8.60  1
 18  801 430.00  0.00 800.00 10.80  0
 19  582 330.00  0.00 800.00  6.44  1
