  0  533 300.00  0.00 800.00 21.50  1
  1  701 390.00  0.00 800.00 520.00  0
  2  608 340.00  0.00 800.00 104.00  1
  3  664 370.00  0.00 800.00 260.00  0
  4  645 360.00  0.00 800.00 156.00  0
  5  698 390.00  0.00 800.00 104.00  1
  6  698 390.00  0.00 800.00 52.00  1
  7  698 390.00  0.00 800.00 156.00  0
  8  698 400.00  0.00 800.00 156.00  0
  9  698 400.00  0.00 800.00 156.00  0
 10  698 400.00  0.00 800.00 156.00  0
 11  698 380.00  0.00 800.00 156.00  0
 12  698 370.00  0.00 800.00 156.00  0
 13  698 400.00  0.00 800.00 156.00  0
 14  698 380.00  0.00 800.00 156.00  0
 15  698 410.00  0.00 800.00 156.00  0
 16  698 400.00  0.00 800.00 156.00  0
 17  698 380.00  0.00 800.00 156.00  0
 18  698 390.00  0.00 800.00 156.00  0
 19  698 380.00  0.00 800.00 52.00  1
