  0 1179 660.00  0.00 800.00 12.90  1
  1  881 490.00  0.00 800.00 520.00  0
  2  664 370.00  0.00 800.00 260.00  0
  3  716 400.00  0.00 800.00 104.00  0
  4  608 340.00  0.00 800.00 104.00  0
  5  751 420.00  0.00 800.00 52.00  0
  6  858 480.00  0.00 800.00 26.00  0
  7  748 420.00  0.00 800.00 17.20  0
  8 1421 790.00  0.00 800.00 520.00  0
  9  655 370.00  0.00 800.00  8.60  1
 10  603 340.00  0.00 800.00 12.90  1
 11  622 350.00  0.00 800.00 17.20  1
 12  659 370.00  0.00 800.00 21.50  0
 13 1421 790.00  0.00 800.00 520.00  0
 14  585 330.00  0.00 800.00 12.90  1
 15  821 460.00  0.00 800.00 21.50  0
 16  514 290.00  0.00 800.00 17.20  1
 17  804 450.00  0.00 800.00 26.00  0
 18  586 330.00  0.00 800.00 17.20  1
 19  803 450.00  0.00 800.00 21.50  0
