  0  455 260.00  0.00 800.00  4.30  1
  1  753 420.00  0.00 800.00 156.00  0
  2  784 440.00  0.00 800.00 17.20  0
  3  654 370.00  0.00 800.00  6.44  1
  4  745 420.00  0.00 800.00  8.60  1
  5  676 380.00  0.00 800.00 17.20  0
  6  693 390.00  0.00 800.00 12.90  0
  7  727 410.00  0.00 800.00  8.60  1
  8  764 430.00  0.00 800.00 10.80  0
  9  656 370.00  0.00 800.00 10.80  1
 10  656 370.00  0.00 800.00 12.90  0
 11  656 360.00  0.00 800.00 12.90  0
 12  656 390.00  0.00 800.00 12.90  0
 13  656 380.00  0.00 800.00 12.90  0
 14  656 350.00  0.00 800.00  8.60  1
 15  656 350.00  0.00 800.00  8.60  1
 16  656 370.00  0.00 800.00 12.90  0
 17  656 350.00  0.00 800.00  8.60  1
 18  656 370.00  0.00 800.00  8.60  1
 19  745 420.00  0.00 800.00  8.60  1
